0,0,0,0,0,0,0,0,0
0,0,0,0,0,0,0,0,0
0,0,0,0,0,0,0,0,0
0,0,0,0,0,0,0,0,0
0,0,0,0,0,0,0,0,0
0,0,0,0,0,0,0,0,0
0,0,0,0,0,0,0,0,0
0,0,0,0,0,0,0,0,0
0,0,0,0,0,0,0,0,0
0,0,0,0,0,0,0,0,0
0,0,0,0,0,0,0,0,0
0,0,0,0,0,0,0,0,0
0,0,0,0,0,0,0,0,0
0,0,0,0,0,0,0,0,0
0,0,0,0,0,0,0,0,0
0,0,0,0,0,0,33,0,0
0,0,0,0,0,0,33,0,0
0,0,0,0,0,0,0,0,0
0,0,0,0,0,0,0,0,0
0,0,-3,0,-3,60,33,0,0
0,-3,0,0,60,33,33,0,0
-3,0,0,0,60,33,60,0,0
0,0,0,0,0,0,0,0,0
0,0,-3,-3,0,60,60,0,0
0,-3,0,23,0,23,33,0,0
-3,0,0,23,0,23,33,0,0
0,0,0,0,0,0,0,0,0
0,-3,23,0,0,33,33,0,0
-3,0,23,0,0,33,60,0,0
0,0,0,0,0,0,33,0,0
23,23,0,0,0,-3,33,0,0
0,0,0,0,0,0,33,0,0
0,0,0,0,0,0,0,0,0
0,0,0,0,0,0,33,0,0
0,0,0,0,0,0,0,0,0
0,0,0,0,0,0,0,0,0
0,0,0,0,0,0,0,0,0
0,0,-3,23,23,0,33,0,0
0,-3,0,-3,60,0,60,0,0
-3,0,0,-3,60,0,60,0,0
0,0,0,0,0,0,33,0,0
0,23,-3,0,33,0,33,0,0
23,0,-3,0,33,0,60,0,0
0,0,0,0,0,0,0,0,0
-3,-3,0,0,33,0,60,0,0
0,0,0,0,0,0,0,0,0
0,0,0,0,0,0,33,0,0
0,0,0,0,0,0,33,0,0
0,0,0,0,0,0,33,0,0
0,0,0,0,0,0,33,0,0
0,23,23,-3,0,0,33,0,0
23,0,23,-3,0,0,33,0,0
0,0,0,0,0,0,33,0,0
23,23,0,-3,0,0,33,0,0
0,0,0,0,0,0,33,0,0
0,0,0,0,0,0,0,0,0
0,0,0,0,0,0,0,0,0
0,0,0,0,0,0,0,0,0
0,0,0,0,0,0,0,0,0
0,0,0,0,0,0,0,0,0
0,0,0,0,0,0,0,0,0
0,0,0,0,0,0,0,0,0
0,0,0,0,0,0,0,0,0
0,0,0,0,0,0,0,0,0
0,0,0,0,0,0,0,0,0
0,0,0,0,0,0,0,0,0
-3,0,0,0,33,0,0,0,0
0,0,0,0,0,0,0,0,0
0,0,33,0,0,0,0,0,0
0,0,0,0,0,0,0,0,0
0,0,0,0,0,0,0,0,0
0,0,0,0,0,0,0,0,0
0,0,0,0,0,0,0,0,0
0,0,33,0,0,0,0,0,0
0,0,0,0,0,0,0,0,0
0,0,0,0,0,0,0,0,0
0,0,0,0,0,0,0,0,0
0,0,0,0,0,0,0,0,0
0,0,0,0,0,0,0,0,0
0,0,0,0,0,0,0,0,0
33,0,0,0,0,0,0,0,0
0,0,0,0,0,0,0,0,0
0,0,-3,-3,23,33,0,0,0
0,-3,0,-3,33,60,0,0,0
-3,0,0,23,33,60,0,0,0
0,0,0,0,0,0,0,0,0
0,0,0,0,0,0,0,0,0
-3,0,23,0,60,60,0,0,0
0,0,0,0,0,0,0,0,0
-3,23,0,0,33,60,0,0,0
0,0,0,0,33,0,0,0,0
0,0,-3,0,0,33,0,0,0
0,0,0,0,0,0,0,0,0
0,0,0,0,0,0,0,0,0
0,0,0,0,0,33,0,0,0
0,23,-3,-3,0,33,0,0,0
23,0,-3,23,0,33,0,0,0
0,0,0,0,0,0,0,0,0
0,0,0,0,0,0,0,0,0
0,0,0,0,0,0,0,0,0
0,0,0,0,0,0,0,0,0
0,0,0,0,0,33,0,0,0
0,0,0,0,0,0,0,0,0
-3,23,33,0,0,33,0,0,0
0,0,-3,0,0,33,0,0,0
0,0,0,0,0,0,0,0,0
0,0,0,0,0,0,0,0,0
0,0,0,0,0,0,0,0,0
0,0,-3,-3,0,0,0,0,0
0,33,0,0,0,0,0,0,0
33,0,0,0,0,0,0,0,0
0,0,0,0,0,0,0,0,0
0,0,0,0,0,0,0,0,0
33,0,0,0,0,0,0,0,0
0,0,0,0,0,0,0,0,0
0,0,0,0,0,0,0,0,0
0,0,-3,0,-3,0,0,0,0
0,-3,0,0,33,0,0,0,0
-3,0,0,0,33,0,0,0,0
0,0,0,-3,-3,0,0,0,0
0,-3,23,-3,33,0,0,0,0
-3,0,23,23,33,0,0,0,0
0,0,0,0,33,0,0,0,0
23,23,0,23,33,0,0,0,0
0,0,0,0,33,0,0,0,0
0,0,0,0,0,0,0,0,0
-3,0,0,0,33,0,0,0,0
0,0,0,0,0,0,0,0,0
-3,23,60,0,33,0,0,0,0
0,0,0,0,33,0,0,0,0
0,0,0,0,33,0,0,0,0
0,0,0,0,33,0,0,0,0
0,0,0,0,0,0,0,0,0
0,-3,-3,0,0,0,0,0,0
-3,0,-3,0,0,0,0,0,0
0,0,0,0,0,0,0,0,0
0,0,0,0,0,0,0,0,0
0,0,0,0,0,0,0,0,0
0,-3,0,-3,0,0,0,0,0
-3,0,0,-3,0,0,0,0,0
0,0,-3,-3,0,0,0,0,0
-3,-3,33,33,0,0,0,0,0
0,0,-3,-3,0,0,0,0,0
0,0,0,0,0,0,0,0,0
0,0,0,0,0,0,0,0,0
0,0,0,0,0,0,0,0,0
0,0,0,0,0,0,0,0,0
0,0,0,0,0,0,0,0,0
0,0,0,0,0,0,0,0,0
0,0,0,0,0,0,0,0,0
0,0,0,0,0,0,0,0,0
0,0,0,0,0,0,0,0,0
0,0,0,0,0,0,0,0,0
0,0,0,0,0,0,0,0,0
0,0,0,0,0,0,0,33,0
0,0,0,0,0,0,0,33,0
0,0,0,0,0,0,0,0,0
0,0,0,0,0,0,0,0,0
0,0,-3,0,33,33,0,33,0
0,-3,0,0,23,23,0,33,0
-3,0,0,0,60,33,0,60,0
0,0,0,0,0,0,0,0,0
0,0,-3,-3,0,60,0,33,0
0,-3,0,23,0,23,0,33,0
-3,0,0,60,0,33,0,33,0
0,0,0,0,0,0,0,0,0
0,-3,23,0,0,33,0,60,0
-3,0,23,0,0,33,0,33,0
0,0,0,0,0,0,0,33,0
23,23,0,0,0,-3,0,33,0
0,0,0,0,0,0,0,33,0
0,0,0,0,0,0,0,0,0
0,0,0,0,0,0,0,0,0
0,0,0,0,0,0,0,33,0
0,0,0,0,0,0,0,0,0
0,0,0,0,0,0,0,0,0
0,0,-3,-3,60,0,0,60,0
0,-3,0,23,23,0,0,33,0
-3,0,0,33,33,0,0,60,0
0,0,0,0,0,0,0,0,0
0,-3,23,0,33,0,0,60,0
-3,0,-3,0,33,0,0,33,0
0,0,0,0,0,0,0,33,0
23,-3,0,0,33,0,0,60,0
0,0,0,0,0,0,0,0,0
0,0,0,0,0,0,0,33,0
0,0,0,0,0,0,0,33,0
0,0,0,0,0,0,0,0,0
0,0,0,0,0,0,0,33,0
0,23,23,-3,0,0,0,33,0
23,0,-3,33,0,0,0,33,0
0,0,0,0,0,0,0,33,0
23,-3,0,33,0,0,0,60,0
0,0,0,0,0,0,0,0,0
0,0,0,0,0,0,0,0,0
0,0,0,0,0,0,0,0,0
0,0,0,0,0,0,0,0,0
0,0,0,0,0,0,0,0,0
0,0,0,0,0,0,0,0,0
0,0,0,0,0,0,0,0,0
0,0,0,0,0,0,0,0,0
0,0,0,0,0,0,0,0,0
0,0,0,0,0,0,0,0,0
0,0,33,0,33,0,33,60,0
0,-3,0,0,23,0,-3,33,0
-3,0,0,0,60,0,60,60,0
0,0,0,0,0,0,0,0,0
0,0,33,33,0,0,60,33,0
0,-3,0,23,0,0,-3,33,0
-3,0,0,23,0,0,33,33,0
0,-3,60,0,0,0,33,60,0
-3,0,60,0,0,0,60,33,0
0,0,0,0,0,0,-3,33,0
23,23,0,0,0,0,-3,33,0
0,0,0,0,0,0,-3,33,0
0,0,0,0,0,0,0,0,0
0,0,-3,0,0,60,33,33,0
0,-3,0,0,0,23,-3,33,0
33,0,0,0,0,33,60,60,0
0,0,0,0,0,0,0,0,0
0,0,-3,45,45,82,82,82,0
0,-3,0,23,23,60,82,82,0
-3,0,0,45,60,82,82,82,0
0,0,0,0,-3,60,33,33,0
0,45,23,0,45,82,33,82,0
45,0,45,0,82,82,82,82,0
0,0,0,0,23,23,-3,33,0
23,45,0,0,60,82,82,82,0
0,0,0,0,60,33,60,60,0
0,0,-3,0,0,60,60,33,0
0,-3,0,0,0,23,-3,33,0
-3,0,0,0,0,23,33,33,0
0,0,0,-3,0,60,60,33,0
0,45,23,45,0,60,82,82,0
45,0,45,45,0,60,60,33,0
0,0,0,23,0,23,-3,33,0
23,45,0,23,0,45,33,60,0
0,0,0,23,0,23,33,33,0
0,-3,0,0,0,33,33,60,0
-3,0,0,0,0,33,60,33,0
0,0,23,0,0,33,33,60,0
45,45,60,0,0,33,82,82,0
0,0,23,0,0,33,60,33,0
23,0,0,0,0,-3,-3,33,0
0,23,0,0,0,-3,-3,33,0
0,0,0,0,0,0,0,0,0
0,0,-3,23,0,0,33,60,0
0,-3,0,23,0,0,23,33,0
33,0,0,33,0,0,60,60,0
0,0,0,0,0,0,33,0,0
0,23,23,0,0,0,33,60,0
60,0,33,0,0,0,60,33,0
0,0,0,0,0,0,0,33,0
60,33,0,0,0,0,33,60,0
0,0,-3,0,23,0,33,60,0
0,-3,0,0,23,0,23,33,0
-3,0,0,0,60,0,60,33,0
0,0,0,-3,23,0,33,60,0
0,45,23,45,23,0,60,60,0
23,0,45,45,60,0,82,82,0
0,0,0,23,23,0,23,33,0
23,45,0,45,82,0,82,82,0
0,0,0,-3,60,0,60,33,0
0,23,0,0,-3,0,33,60,0
23,0,0,0,33,0,60,60,0
0,0,23,0,-3,0,33,60,0
45,45,82,0,33,0,82,82,0
0,0,-3,0,33,0,60,60,0
23,0,0,0,33,0,60,60,0
0,-3,0,0,33,0,60,60,0
0,0,0,0,0,0,-3,33,0
0,23,23,0,0,0,-3,33,0
23,0,-3,0,0,0,33,33,0
0,0,0,0,0,0,-3,33,0
23,23,0,0,0,0,33,60,0
0,0,0,0,0,0,33,0,0
0,23,0,-3,0,0,-3,33,0
23,0,0,-3,0,0,33,33,0
0,0,23,-3,0,0,-3,33,0
23,23,82,33,0,0,82,82,0
0,0,23,-3,0,0,33,33,0
23,0,0,-3,0,0,33,60,0
0,-3,0,-3,0,0,33,60,0
0,0,0,0,0,0,0,0,0
0,0,0,0,0,0,0,0,0
0,0,0,0,0,0,0,0,0
0,0,0,0,0,0,0,0,0
0,0,0,0,0,0,0,0,0
0,0,0,0,0,0,0,0,0
0,0,0,0,0,0,0,0,0
0,0,0,0,0,0,0,0,0
0,0,0,0,0,0,0,0,0
33,0,0,0,0,0,0,0,0
0,0,0,0,0,0,0,0,0
0,0,33,33,60,0,0,33,0
0,-3,0,-3,33,0,0,60,0
-3,0,0,23,33,0,0,60,0
0,0,0,0,0,0,0,0,0
0,0,0,0,0,0,0,0,0
-3,0,60,0,60,0,0,33,0
0,0,0,0,0,0,0,0,0
-3,23,0,0,33,0,0,60,0
0,0,0,0,33,0,0,0,0
0,0,33,0,0,0,0,0,0
0,0,0,0,0,0,0,0,0
0,0,0,0,0,0,0,0,0
0,23,33,33,0,0,0,60,0
23,0,33,60,0,0,0,33,0
0,0,0,0,0,0,0,0,0
0,0,0,0,0,0,0,0,0
0,0,0,0,0,0,0,0,0
0,0,0,0,0,0,0,0,0
0,0,0,0,0,0,0,0,0
-3,23,33,0,0,0,0,60,0
0,0,33,0,0,0,0,0,0
0,0,0,0,0,0,0,0,0
0,0,0,0,0,0,0,0,0
0,0,0,0,0,0,0,0,0
0,0,-3,-3,0,33,0,60,0
0,-3,0,-3,0,60,0,60,0
33,0,0,60,0,60,0,33,0
0,0,0,0,0,0,0,0,0
0,0,0,0,0,0,0,0,0
33,0,60,0,0,60,0,33,0
0,0,0,0,0,0,0,0,0
33,60,0,0,0,33,0,60,0
0,0,-3,0,23,33,0,60,0
0,-3,0,0,-3,60,0,60,0
-3,0,0,0,33,60,0,60,0
0,0,0,-3,23,33,0,60,0
0,45,45,-3,45,60,0,60,0
45,0,45,45,60,82,0,82,0
0,0,0,-3,-3,60,0,60,0
45,45,0,45,33,82,0,82,0
0,0,0,23,33,60,0,60,0
0,0,0,0,0,0,0,0,0
-3,0,0,0,60,60,0,33,0
0,0,0,0,0,0,0,0,0
-3,45,82,0,82,82,0,82,0
0,0,23,0,60,60,0,33,0
-3,0,0,0,33,60,0,60,0
0,23,0,0,33,60,0,60,0
0,0,0,0,0,33,0,0,0
0,23,-3,0,0,33,0,60,0
23,0,-3,0,0,33,0,33,0
0,0,0,0,0,0,0,0,0
0,0,0,0,0,0,0,0,0
0,0,0,0,0,0,0,0,0
0,23,0,-3,0,33,0,60,0
23,0,0,23,0,33,0,33,0
0,0,-3,-3,0,33,0,60,0
23,23,33,82,0,82,0,82,0
0,0,-3,23,0,33,0,33,0
0,0,0,0,0,0,0,0,0
0,0,0,0,0,0,0,0,0
0,0,0,0,0,0,0,0,0
-3,60,0,0,0,33,0,33,0
0,0,0,0,0,33,0,0,0
-3,0,33,0,0,33,0,60,0
0,23,33,0,0,33,0,60,0
0,0,0,0,0,0,0,0,0
0,0,-3,0,0,0,0,-3,0
0,-3,0,0,0,0,0,33,0
33,0,0,0,0,0,0,0,0
0,0,0,-3,0,0,0,-3,0
0,-3,23,-3,0,0,0,33,0
33,0,60,60,0,0,0,60,0
0,0,0,0,0,0,0,33,0
60,60,0,33,0,0,0,60,0
0,0,0,0,0,0,0,0,0
33,0,0,0,0,0,0,0,0
0,0,0,0,0,0,0,0,0
33,60,33,0,0,0,0,60,0
0,0,0,0,0,0,0,0,0
0,0,0,0,-3,0,0,-3,0
0,-3,23,0,-3,0,0,33,0
-3,0,23,0,33,0,0,60,0
0,0,0,0,-3,0,0,33,0
23,23,0,0,33,0,0,60,0
0,0,0,0,33,0,0,0,0
0,-3,0,-3,-3,0,0,33,0
-3,0,0,23,33,0,0,60,0
0,0,23,-3,-3,0,0,33,0
23,45,82,82,82,0,0,82,0
0,0,23,23,33,0,0,60,0
23,0,0,23,33,0,0,60,0
0,23,0,23,33,0,0,60,0
0,0,0,0,0,0,0,0,0
-3,60,0,0,33,0,0,33,0
0,0,0,0,33,0,0,0,0
-3,0,60,0,33,0,0,33,0
0,23,60,0,33,0,0,33,0
0,0,0,0,33,0,0,0,0
0,-3,0,0,0,0,0,-3,0
-3,0,0,0,0,0,0,-3,0
0,0,-3,0,0,0,0,-3,0
-3,-3,33,0,0,0,0,60,0
0,0,-3,0,0,0,0,-3,0
0,0,0,0,0,0,0,0,0
0,0,0,0,0,0,0,0,0
0,0,0,-3,0,0,0,-3,0
-3,33,0,33,0,0,0,60,0
0,0,0,-3,0,0,0,-3,0
-3,0,33,33,0,0,0,60,0
0,-3,33,33,0,0,0,60,0
0,0,0,0,0,0,0,0,0
0,0,0,0,0,0,0,0,0
0,0,0,0,0,0,0,0,0
0,0,0,0,0,0,0,0,0
0,0,0,0,0,0,0,0,0
0,0,0,0,0,0,0,0,0
0,0,33,0,0,0,0,0,0
0,-3,0,0,-3,0,0,0,0
-3,0,0,0,33,0,0,0,0
0,0,0,0,0,0,0,0,0
0,0,0,0,0,0,0,0,0
0,-3,0,-3,0,0,0,0,0
0,0,0,0,0,0,0,0,0
0,0,0,0,0,0,0,0,0
0,0,33,0,0,0,0,0,0
0,0,0,0,0,0,0,0,0
0,0,0,0,0,0,0,0,0
-3,-3,0,0,0,0,0,0,0
0,0,0,0,0,0,0,0,0
0,0,0,0,0,0,0,0,0
0,0,33,0,0,0,0,0,0
0,-3,0,0,0,-3,0,0,0
33,0,0,0,0,0,0,0,0
0,0,0,0,0,0,0,0,0
0,0,-3,-3,33,60,0,0,0
0,-3,0,-3,-3,33,0,0,0
-3,0,0,60,33,33,0,0,0
0,0,0,0,0,0,0,0,0
0,23,-3,0,60,60,0,0,0
23,0,23,0,33,60,0,0,0
0,0,0,0,-3,-3,0,0,0
-3,23,0,0,33,60,0,0,0
0,0,0,0,33,0,0,0,0
0,0,0,0,0,0,0,0,0
0,-3,0,0,0,-3,0,0,0
0,0,0,0,0,0,0,0,0
0,0,0,0,0,0,0,0,0
0,-3,-3,23,0,33,0,0,0
0,0,0,0,0,0,0,0,0
0,0,0,-3,0,-3,0,0,0
-3,-3,0,33,0,60,0,0,0
0,0,0,0,0,0,0,0,0
0,0,0,0,0,33,0,0,0
0,0,0,0,0,0,0,0,0
0,0,-3,0,0,33,0,0,0
23,-3,33,0,0,33,0,0,0
0,0,0,0,0,0,0,0,0
-3,0,0,0,0,-3,0,0,0
0,-3,0,0,0,-3,0,0,0
0,0,0,0,0,0,0,0,0
0,0,33,0,0,0,0,0,0
0,-3,0,-3,0,0,0,0,0
33,0,0,0,0,0,0,0,0
0,0,33,0,0,0,0,0,0
0,0,0,0,0,0,0,0,0
0,0,0,0,0,0,0,0,0
33,0,0,0,0,0,0,0,0
0,0,-3,0,33,0,0,0,0
0,-3,0,0,-3,0,0,0,0
33,0,0,0,0,0,0,0,0
0,0,0,0,33,0,0,0,0
0,23,-3,23,33,0,0,0,0
23,0,-3,33,33,0,0,0,0
0,0,0,-3,-3,0,0,0,0
-3,23,0,60,60,0,0,0,0
0,0,0,0,0,0,0,0,0
0,0,0,0,33,0,0,0,0
0,0,0,0,33,0,0,0,0
0,0,-3,0,33,0,0,0,0
23,23,60,0,33,0,0,0,0
0,0,0,0,33,0,0,0,0
-3,0,0,0,33,0,0,0,0
0,0,0,0,33,0,0,0,0
0,0,0,0,0,0,0,0,0
0,-3,-3,0,0,0,0,0,0
0,0,0,0,0,0,0,0,0
0,0,0,0,0,0,0,0,0
33,0,0,0,0,0,0,0,0
0,0,0,0,0,0,0,0,0
0,-3,0,-3,0,0,0,0,0
0,0,0,0,0,0,0,0,0
0,0,-3,-3,0,0,0,0,0
-3,-3,60,33,0,0,0,0,0
0,0,0,0,0,0,0,0,0
-3,0,0,33,0,0,0,0,0
0,0,0,33,0,0,0,0,0
0,0,0,0,0,0,0,0,0
0,0,0,0,0,0,0,0,0
0,0,0,0,0,0,0,0,0
0,0,0,0,0,0,0,0,0
0,0,0,0,0,0,0,0,0
0,0,0,0,0,0,0,0,0
0,0,0,0,0,0,0,0,0
0,0,33,0,0,0,0,0,0
0,-3,0,0,0,0,-3,0,0
33,0,0,0,0,0,0,0,0
0,0,0,0,0,0,0,0,0
0,0,33,60,33,0,33,0,0
0,-3,0,-3,33,0,60,0,0
-3,0,0,23,33,0,60,0,0
0,23,33,0,60,0,33,0,0
23,0,60,0,33,0,33,0,0
0,0,0,0,-3,0,-3,0,0
-3,23,0,0,33,0,60,0,0
0,0,0,0,33,0,0,0,0
0,0,0,0,0,0,0,0,0
0,-3,0,0,0,0,-3,0,0
0,0,0,0,0,0,0,0,0
0,0,0,0,0,0,0,0,0
0,-3,33,60,0,0,60,0,0
0,0,0,0,0,0,0,0,0
0,0,0,-3,0,0,-3,0,0
-3,-3,0,-3,0,0,33,0,0
0,0,0,0,0,0,0,0,0
0,0,0,0,0,0,0,0,0
0,0,33,0,0,0,0,0,0
23,-3,33,0,0,0,60,0,0
0,0,0,0,0,0,0,0,0
-3,0,0,0,0,0,-3,0,0
0,-3,0,0,0,0,-3,0,0
0,0,0,0,0,0,0,0,0
0,0,-3,-3,0,60,33,0,0
0,-3,0,-3,0,33,60,0,0
33,0,0,60,0,60,33,0,0
0,0,0,0,0,0,0,0,0
0,-3,-3,0,0,60,33,0,0
60,0,60,0,0,33,33,0,0
0,0,0,0,0,-3,-3,0,0
33,60,0,0,0,60,60,0,0
0,0,-3,0,-3,60,60,0,0
0,-3,0,0,-3,33,60,0,0
-3,0,0,0,33,60,60,0,0
0,0,0,-3,-3,60,60,0,0
0,45,45,45,45,60,60,0,0
45,0,45,45,33,82,82,0,0
0,0,0,-3,-3,33,60,0,0
45,45,0,45,60,82,82,0,0
0,0,0,23,33,33,60,0,0
0,-3,0,0,23,60,33,0,0
-3,0,0,0,33,60,33,0,0
0,0,-3,0,23,60,33,0,0
45,45,82,0,82,82,82,0,0
0,0,23,0,33,60,33,0,0
-3,0,0,0,33,60,60,0,0
0,23,0,0,33,60,60,0,0
0,0,0,0,0,0,0,0,0
0,-3,-3,0,0,33,60,0,0
0,0,0,0,0,0,0,0,0
0,0,0,0,0,-3,-3,0,0
-3,-3,0,0,0,23,33,0,0
0,0,0,0,0,0,0,0,0
0,-3,0,23,0,33,60,0,0
0,0,0,0,0,0,0,0,0
0,0,-3,23,0,33,60,0,0
45,-3,60,82,0,82,82,0,0
0,0,0,0,0,0,0,0,0
-3,0,0,-3,0,23,33,0,0
0,-3,0,-3,0,23,33,0,0
0,0,0,0,0,33,0,0,0
23,33,0,0,0,33,33,0,0
0,0,0,0,0,0,0,0,0
23,0,33,0,0,33,60,0,0
0,-3,33,0,0,33,60,0,0
0,0,0,0,0,-3,-3,0,0
0,0,-3,0,0,0,33,0,0
0,-3,0,0,0,0,-3,0,0
33,0,0,0,0,0,0,0,0
0,0,0,0,0,0,33,0,0
0,23,-3,23,0,0,33,0,0
60,0,60,33,0,0,60,0,0
0,0,0,-3,0,0,-3,0,0
33,60,0,60,0,0,60,0,0
0,0,0,0,0,0,33,0,0
0,0,0,0,0,0,0,0,0
0,0,-3,0,0,0,33,0,0
60,33,60,0,0,0,60,0,0
33,0,0,0,0,0,0,0,0
0,0,0,0,-3,0,33,0,0
0,23,-3,0,-3,0,33,0,0
23,0,-3,0,33,0,60,0,0
0,0,0,0,-3,0,-3,0,0
-3,-3,0,0,60,0,60,0,0
0,0,0,0,0,0,0,0,0
0,23,0,23,-3,0,33,0,0
23,0,0,23,33,0,60,0,0
0,0,-3,23,-3,0,33,0,0
23,45,82,82,82,0,82,0,0
0,0,-3,23,33,0,60,0,0
-3,0,0,23,60,0,60,0,0
0,-3,0,23,60,0,60,0,0
0,0,0,0,-3,0,33,0,0
23,60,0,0,33,0,33,0,0
0,0,0,0,33,0,0,0,0
23,0,60,0,33,0,33,0,0
0,23,60,0,33,0,33,0,0
0,0,0,0,33,0,0,0,0
0,-3,0,0,0,0,-3,0,0
0,0,0,0,0,0,0,0,0
0,0,-3,0,0,0,-3,0,0
-3,-3,60,0,0,0,60,0,0
0,0,0,0,0,0,0,0,0
-3,0,0,0,0,0,33,0,0
0,0,0,0,0,0,33,0,0
0,0,0,-3,0,0,-3,0,0
-3,33,0,33,0,0,60,0,0
0,0,0,0,0,0,0,0,0
-3,0,60,33,0,0,60,0,0
0,-3,60,33,0,0,60,0,0
0,0,0,-3,0,0,33,0,0
0,0,0,0,0,0,0,0,0
0,0,0,0,0,0,0,0,0
0,0,0,0,0,0,0,0,0
0,0,0,0,0,0,0,0,0
0,0,0,0,0,0,0,0,0
0,0,0,33,0,0,0,0,0
0,0,0,0,0,0,0,0,0
0,0,0,0,0,0,0,0,0
0,0,0,0,0,0,0,0,0
0,0,0,0,0,0,0,0,0
0,0,0,0,0,0,0,0,0
33,0,0,0,0,0,0,0,0
0,0,0,0,0,0,0,0,0
0,0,0,0,33,0,0,0,0
0,0,0,0,33,0,0,0,0
0,-3,60,33,60,0,0,0,0
-3,0,60,33,33,0,0,0,0
0,0,0,-3,33,0,0,0,0
23,23,0,23,33,0,0,0,0
0,0,0,0,33,0,0,0,0
0,0,0,0,0,0,0,0,0
0,0,0,0,0,0,0,0,0
-3,-3,60,0,60,0,0,0,0
0,0,0,0,0,0,0,0,0
-3,0,0,0,33,0,0,0,0
0,0,0,0,33,0,0,0,0
0,0,0,0,0,0,0,0,0
0,0,33,0,0,0,0,0,0
0,0,0,0,0,0,0,0,0
0,0,0,0,0,0,0,0,0
0,0,0,0,0,0,0,0,0
0,0,0,0,0,0,0,0,0
0,0,0,0,0,0,0,0,0
0,0,33,0,0,0,0,0,0
23,-3,33,60,0,0,0,0,0
0,0,0,0,0,0,0,0,0
0,0,0,0,0,0,0,0,0
0,0,0,0,0,0,0,0,0
0,0,0,0,0,0,0,0,0
0,0,0,0,0,0,0,0,0
0,0,33,0,0,0,0,0,0
0,0,33,0,0,0,0,0,0
0,0,0,0,0,0,0,0,0
0,0,0,0,0,33,0,0,0
0,0,0,0,0,33,0,0,0
0,0,0,0,0,0,0,0,0
0,0,0,0,0,33,0,0,0
0,23,23,-3,0,33,0,0,0
33,0,33,33,0,60,0,0,0
0,0,0,-3,0,33,0,0,0
60,33,0,60,0,60,0,0,0
0,0,0,0,0,0,0,0,0
0,0,0,0,0,0,0,0,0
0,0,0,0,0,0,0,0,0
33,33,60,0,0,60,0,0,0
33,0,0,0,0,0,0,0,0
0,0,0,0,0,33,0,0,0
0,23,23,0,23,33,0,0,0
23,0,23,0,33,60,0,0,0
0,0,0,0,-3,33,0,0,0
23,23,0,0,33,60,0,0,0
0,0,0,0,33,0,0,0,0
0,23,0,-3,23,33,0,0,0
23,0,0,-3,33,60,0,0,0
0,0,23,-3,23,33,0,0,0
23,45,82,82,82,82,0,0,0
0,0,23,-3,33,60,0,0,0
23,0,0,23,33,60,0,0,0
0,23,0,23,33,60,0,0,0
0,0,0,0,0,0,0,0,0
-3,33,0,0,33,33,0,0,0
0,0,0,0,0,0,0,0,0
-3,0,60,0,60,33,0,0,0
0,-3,60,0,60,33,0,0,0
0,0,0,0,33,0,0,0,0
0,0,0,0,0,33,0,0,0
0,0,0,0,0,0,0,0,0
0,0,-3,0,0,33,0,0,0
23,-3,33,0,0,60,0,0,0
0,0,0,0,0,0,0,0,0
0,0,0,0,0,0,0,0,0
0,0,0,0,0,0,0,0,0
0,0,0,0,0,33,0,0,0
23,33,0,33,0,60,0,0,0
0,0,0,0,0,0,0,0,0
23,0,33,60,0,60,0,0,0
0,-3,33,60,0,60,0,0,0
0,0,0,0,0,0,0,0,0
0,0,0,0,0,0,0,0,0
0,0,0,0,0,0,0,0,0
0,0,33,0,0,0,0,0,0
0,0,0,0,0,0,0,0,0
0,-3,-3,0,0,0,0,0,0
33,0,0,0,0,0,0,0,0
0,0,0,0,0,0,0,0,0
33,0,0,0,0,0,0,0,0
0,-3,0,-3,0,0,0,0,0
33,0,0,0,0,0,0,0,0
0,0,-3,-3,0,0,0,0,0
33,60,60,60,0,0,0,0,0
33,0,0,0,0,0,0,0,0
0,0,0,0,0,0,0,0,0
33,0,0,0,0,0,0,0,0
33,0,0,0,0,0,0,0,0
0,-3,0,0,-3,0,0,0,0
-3,0,0,0,33,0,0,0,0
0,0,-3,0,-3,0,0,0,0
-3,23,60,0,60,0,0,0,0
0,0,0,0,33,0,0,0,0
-3,0,0,0,33,0,0,0,0
0,0,0,0,33,0,0,0,0
0,0,0,-3,-3,0,0,0,0
-3,60,0,33,60,0,0,0,0
0,0,0,0,33,0,0,0,0
-3,0,60,33,60,0,0,0,0
0,23,60,33,60,0,0,0,0
0,0,0,0,33,0,0,0,0
33,0,0,0,0,0,0,0,0
0,0,0,0,0,0,0,0,0
0,0,0,0,0,0,0,0,0
0,0,0,0,0,0,0,0,0
-3,33,0,0,0,0,0,0,0
0,0,0,0,0,0,0,0,0
-3,0,33,0,0,0,0,0,0
0,-3,33,0,0,0,0,0,0
0,0,0,0,0,0,0,0,0
33,0,0,0,0,0,0,0,0
0,33,0,0,0,0,0,0,0
0,0,33,0,0,0,0,0,0
0,0,0,0,0,0,0,0,0
0,0,0,0,0,0,0,0,0
0,0,0,0,0,0,0,0,0
0,0,0,0,0,0,0,0,33
0,0,0,0,0,0,0,0,33
0,0,0,0,0,0,0,0,33
0,0,0,0,0,0,0,0,0
0,0,0,0,0,0,0,0,0
0,0,-3,0,60,33,0,0,60
0,-3,0,0,60,33,0,0,60
-3,0,0,0,23,23,0,0,33
0,0,0,0,0,0,0,0,0
0,0,-3,23,0,23,0,0,33
0,-3,0,23,0,23,0,0,33
-3,0,0,60,0,33,0,0,60
0,0,0,0,0,0,0,0,33
0,23,23,0,0,-3,0,0,33
23,0,23,0,0,-3,0,0,33
0,0,0,0,0,0,0,0,33
23,23,0,0,0,-3,0,0,33
0,0,0,0,0,0,0,0,33
0,0,0,0,0,0,0,0,0
0,0,0,0,0,0,0,0,0
0,0,0,0,0,0,0,0,0
0,0,0,0,0,0,0,0,33
0,0,0,0,0,0,0,0,0
0,0,-3,-3,60,0,0,0,60
0,-3,0,-3,60,0,0,0,33
-3,0,0,60,33,0,0,0,33
0,0,0,0,0,0,0,0,0
0,-3,-3,0,33,0,0,0,60
-3,0,23,0,33,0,0,0,60
0,0,0,0,0,0,0,0,0
-3,23,0,0,33,0,0,0,33
0,0,0,0,0,0,0,0,33
0,0,0,0,0,0,0,0,33
0,0,0,0,0,0,0,0,33
0,0,0,0,0,0,0,0,0
0,0,0,0,0,0,0,0,33
0,23,23,-3,0,0,0,0,33
23,0,-3,33,0,0,0,0,60
0,0,0,0,0,0,0,0,33
23,-3,0,33,0,0,0,0,33
0,0,0,0,0,0,0,0,0
0,0,0,0,0,0,0,0,0
0,0,0,0,0,0,0,0,0
0,0,0,0,0,0,0,0,0
0,0,0,0,0,0,0,0,0
0,0,0,0,0,0,0,0,0
0,0,0,0,0,0,0,0,0
0,0,0,0,0,0,0,0,0
0,0,0,0,0,0,0,0,0
0,0,0,0,0,0,0,0,0
0,0,-3,0,23,0,33,0,60
0,-3,0,0,60,0,33,0,60
-3,0,0,0,23,0,23,0,33
0,0,0,0,0,0,0,0,0
0,0,-3,23,0,0,23,0,33
0,-3,0,23,0,0,-3,0,33
-3,0,0,23,0,0,33,0,60
0,0,0,0,0,0,0,0,33
0,-3,23,0,0,0,-3,0,33
23,0,23,0,0,0,23,0,33
0,0,0,0,0,0,-3,0,33
23,23,0,0,0,0,-3,0,33
0,0,0,0,0,0,-3,0,33
0,0,0,0,0,0,0,0,0
0,0,-3,0,0,23,33,0,60
0,33,0,0,0,33,33,0,60
-3,0,0,0,0,23,23,0,33
0,0,0,0,0,0,0,0,0
0,0,-3,45,23,82,82,0,82
0,-3,0,45,60,82,82,0,82
-3,0,0,23,45,82,82,0,82
0,0,0,0,-3,23,33,0,60
0,45,45,0,60,82,33,0,82
45,0,23,0,23,45,60,0,60
0,0,0,0,60,33,33,0,60
45,23,0,0,60,60,82,0,82
0,0,0,0,23,23,23,0,33
0,0,-3,0,0,23,23,0,33
0,-3,0,0,0,23,-3,0,33
-3,0,0,0,0,23,33,0,60
0,0,0,23,0,23,23,0,33
0,23,23,23,0,23,23,0,33
45,0,45,23,0,45,60,0,60
0,0,0,23,0,23,-3,0,33
23,45,0,23,0,23,33,0,60
0,0,0,23,0,23,33,0,60
0,-3,0,0,0,-3,-3,0,33
23,0,0,0,0,-3,23,0,33
0,0,23,0,0,-3,-3,0,33
23,23,60,0,0,33,82,0,82
0,0,23,0,0,-3,23,0,33
23,0,0,0,0,-3,-3,0,33
0,23,0,0,0,-3,-3,0,33
0,0,0,0,0,0,0,0,0
0,0,-3,23,0,0,33,0,60
0,33,0,33,0,0,60,0,33
-3,0,0,23,0,0,60,0,33
0,0,0,0,0,0,33,0,0
0,33,33,0,0,0,33,0,33
-3,0,23,0,0,0,60,0,60
-3,60,0,0,0,0,33,0,33
0,0,0,0,0,0,0,0,33
0,0,-3,0,23,0,33,0,60
0,-3,0,0,60,0,60,0,33
-3,0,0,0,23,0,60,0,33
0,0,0,-3,23,0,33,0,60
0,23,45,45,60,0,82,0,82
45,0,45,45,45,0,60,0,60
0,0,0,-3,60,0,60,0,33
45,45,0,45,60,0,60,0,33
0,0,0,-3,23,0,60,0,33
0,-3,0,0,33,0,33,0,60
23,0,0,0,-3,0,60,0,60
0,0,-3,0,33,0,33,0,60
45,45,82,0,33,0,82,0,60
0,0,-3,0,-3,0,60,0,60
-3,0,0,0,33,0,60,0,33
0,23,0,0,33,0,60,0,33
0,0,0,0,0,0,-3,0,33
0,23,23,0,0,0,-3,0,33
23,0,23,0,0,0,33,0,60
0,0,0,0,0,0,-3,0,33
23,23,0,0,0,0,33,0,33
0,0,0,0,0,0,33,0,0
0,23,0,-3,0,0,-3,0,33
23,0,0,-3,0,0,33,0,60
0,0,23,-3,0,0,-3,0,33
23,45,60,33,0,0,82,0,82
0,0,23,-3,0,0,33,0,60
23,0,0,-3,0,0,33,0,33
0,23,0,-3,0,0,33,0,33
0,0,0,0,0,0,0,0,0
0,0,0,0,0,0,0,0,0
0,0,0,0,0,0,0,0,0
0,0,0,0,0,0,0,0,0
0,0,0,0,0,0,0,0,0
0,0,0,0,0,0,0,0,0
0,0,0,0,0,0,0,0,0
0,0,0,0,0,0,0,0,0
0,0,0,0,0,0,0,0,0
-3,0,0,0,0,0,0,0,33
0,0,0,0,0,0,0,0,0
0,0,-3,-3,60,0,0,0,60
0,-3,0,-3,33,0,0,0,60
-3,0,0,23,33,0,0,0,60
0,0,0,0,0,0,0,0,0
0,0,0,0,0,0,0,0,0
-3,0,23,0,23,0,0,0,33
0,0,0,0,0,0,0,0,0
-3,23,0,0,33,0,0,0,60
0,0,0,0,-3,0,0,0,33
0,0,-3,0,0,0,0,0,33
0,0,0,0,0,0,0,0,0
0,0,0,0,0,0,0,0,0
0,0,0,0,0,0,0,0,33
0,23,-3,-3,0,0,0,0,33
23,0,-3,23,0,0,0,0,33
0,0,0,0,0,0,0,0,0
0,0,0,0,0,0,0,0,0
0,0,0,0,0,0,0,0,0
0,0,0,0,0,0,0,0,0
0,0,0,0,0,0,0,0,33
0,0,0,0,0,0,0,0,0
-3,23,33,0,0,0,0,0,60
0,0,-3,0,0,0,0,0,33
0,0,0,0,0,0,0,0,0
0,0,0,0,0,0,0,0,0
0,0,0,0,0,0,0,0,0
0,0,-3,-3,0,33,0,0,60
0,33,0,33,0,60,0,0,33
-3,0,0,23,0,60,0,0,60
0,0,0,0,0,0,0,0,0
0,0,0,0,0,0,0,0,0
-3,0,23,0,0,23,0,0,33
0,0,0,0,0,0,0,0,0
-3,60,0,0,0,33,0,0,60
0,0,0,0,0,0,0,0,33
0,0,-3,0,23,33,0,0,60
0,-3,0,0,33,60,0,0,60
-3,0,0,0,-3,60,0,0,60
0,0,0,-3,23,33,0,0,60
0,45,45,-3,60,82,0,0,60
23,0,45,23,23,60,0,0,60
0,0,0,-3,33,60,0,0,60
45,45,0,45,33,60,0,0,60
0,0,0,23,-3,60,0,0,60
0,0,0,0,0,0,0,0,0
-3,0,0,0,23,23,0,0,33
0,0,0,0,0,0,0,0,0
-3,23,82,0,82,82,0,0,82
0,0,23,0,23,23,0,0,33
-3,0,0,0,33,60,0,0,60
0,23,0,0,33,60,0,0,60
0,0,0,0,0,-3,0,0,33
0,23,-3,0,0,-3,0,0,33
23,0,-3,0,0,-3,0,0,33
0,0,0,0,0,0,0,0,0
0,0,0,0,0,0,0,0,0
0,0,0,0,0,0,0,0,0
0,23,0,-3,0,-3,0,0,33
23,0,0,23,0,-3,0,0,33
0,0,-3,-3,0,-3,0,0,33
23,23,33,82,0,82,0,0,82
0,0,-3,23,0,-3,0,0,33
0,0,0,0,0,0,0,0,0
0,0,0,0,0,0,0,0,0
0,0,0,0,0,0,0,0,0
-3,60,0,0,0,33,0,0,60
0,0,0,0,0,-3,0,0,33
-3,0,33,0,0,33,0,0,60
0,23,33,0,0,33,0,0,60
0,0,0,0,0,0,0,0,0
0,0,-3,0,0,0,0,0,-3
0,33,0,0,0,0,0,0,0
-3,0,0,0,0,0,0,0,33
0,0,0,-3,0,0,0,0,-3
0,33,60,33,0,0,0,0,60
-3,0,23,23,0,0,0,0,33
23,60,0,33,0,0,0,0,33
0,0,0,0,0,0,0,0,33
0,0,0,0,0,0,0,0,0
-3,0,0,0,0,0,0,0,33
0,0,0,0,0,0,0,0,0
-3,60,33,0,0,0,0,0,60
0,0,0,0,0,0,0,0,33
0,0,0,0,0,0,0,0,0
0,0,0,0,-3,0,0,0,-3
0,-3,23,0,33,0,0,0,60
-3,0,23,0,-3,0,0,0,33
0,0,0,0,33,0,0,0,0
23,23,0,0,33,0,0,0,33
0,0,0,0,-3,0,0,0,33
0,-3,0,-3,33,0,0,0,60
-3,0,0,23,-3,0,0,0,33
0,0,23,-3,33,0,0,0,60
45,23,60,82,82,0,0,0,82
0,0,23,23,-3,0,0,0,33
23,0,0,23,33,0,0,0,33
0,23,0,23,33,0,0,0,33
0,0,0,0,0,0,0,0,0
-3,60,0,0,33,0,0,0,60
0,0,0,0,-3,0,0,0,33
-3,0,60,0,33,0,0,0,33
0,23,60,0,33,0,0,0,60
0,0,0,0,33,0,0,0,0
0,-3,0,0,0,0,0,0,-3
-3,0,0,0,0,0,0,0,-3
0,0,-3,0,0,0,0,0,-3
-3,-3,33,0,0,0,0,0,60
0,0,-3,0,0,0,0,0,-3
0,0,0,0,0,0,0,0,0
0,0,0,0,0,0,0,0,0
0,0,0,-3,0,0,0,0,-3
-3,33,0,33,0,0,0,0,60
0,0,0,-3,0,0,0,0,-3
-3,0,33,33,0,0,0,0,60
0,-3,33,33,0,0,0,0,60
0,0,0,0,0,0,0,0,0
0,0,0,0,0,0,0,0,0
0,0,0,0,0,0,0,0,0
0,0,0,0,0,0,0,0,0
0,0,0,0,0,0,0,0,0
0,0,0,0,0,0,0,0,0
0,0,-3,0,33,0,0,33,60
0,-3,0,0,23,0,0,33,60
-3,0,0,0,23,0,0,23,33
0,0,0,0,0,0,0,0,0
0,0,-3,23,0,0,0,-3,33
0,-3,0,23,0,0,0,-3,33
-3,0,0,60,0,0,0,33,60
0,0,0,0,0,0,0,0,33
0,-3,23,0,0,0,0,23,33
23,0,23,0,0,0,0,-3,33
0,0,0,0,0,0,0,-3,33
23,23,0,0,0,0,0,-3,33
0,0,0,0,0,0,0,-3,33
0,0,0,0,0,0,0,0,0
0,0,33,0,0,33,0,60,60
0,-3,0,0,0,23,0,33,60
-3,0,0,0,0,23,0,23,33
0,0,0,0,0,0,0,0,0
0,0,-3,45,60,82,0,82,82
0,-3,0,45,23,60,0,82,82
-3,0,0,60,82,82,0,82,82
0,0,0,0,60,33,0,33,60
0,45,45,0,60,82,0,82,82
23,0,23,0,60,82,0,82,82
0,0,0,0,23,23,0,33,60
45,23,0,0,23,45,0,60,60
0,0,0,0,23,23,0,23,33
0,0,-3,0,0,23,0,-3,33
0,-3,0,0,0,23,0,-3,33
33,0,0,0,0,33,0,33,60
0,0,0,23,0,23,0,-3,33
0,45,23,23,0,23,0,23,33
23,0,45,60,0,82,0,33,82
0,0,0,23,0,23,0,-3,33
23,45,0,60,0,82,0,82,82
0,0,0,60,0,33,0,33,60
0,23,0,0,0,-3,0,23,33
-3,0,0,0,0,-3,0,-3,33
0,0,23,0,0,-3,0,23,33
23,23,60,0,0,33,0,82,82
0,0,23,0,0,-3,0,-3,33
23,0,0,0,0,-3,0,-3,33
0,23,0,0,0,-3,0,-3,33
0,0,0,0,0,0,0,0,0
0,0,33,33,0,0,0,60,60
0,-3,0,23,0,0,0,33,33
-3,0,0,60,0,0,0,33,33
0,-3,60,0,0,0,0,60,33
-3,0,60,0,0,0,0,33,60
0,0,0,0,0,0,0,33,0
23,23,0,0,0,0,0,60,33
0,0,0,0,0,0,0,0,33
0,0,-3,0,60,0,0,60,60
0,-3,0,0,23,0,0,33,33
33,0,0,0,33,0,0,60,33
0,0,0,-3,60,0,0,60,60
0,45,23,45,60,0,0,82,82
45,0,45,82,82,0,0,82,82
0,0,0,23,23,0,0,33,33
45,45,0,82,82,0,0,82,33
0,0,0,60,33,0,0,33,33
0,-3,0,0,33,0,0,60,60
-3,0,0,0,33,0,0,60,60
0,0,-3,0,33,0,0,60,60
45,45,82,0,33,0,0,82,82
0,0,23,0,33,0,0,60,60
23,0,0,0,-3,0,0,60,33
0,-3,0,0,-3,0,0,60,33
0,0,0,0,0,0,0,-3,33
0,23,23,0,0,0,0,-3,33
60,0,33,0,0,0,0,33,60
0,0,0,0,0,0,0,-3,33
60,33,0,0,0,0,0,60,33
0,23,0,-3,0,0,0,-3,33
23,0,0,33,0,0,0,33,60
0,0,23,-3,0,0,0,-3,33
23,45,82,33,0,0,0,82,60
0,0,-3,33,0,0,0,33,60
23,0,0,33,0,0,0,60,33
0,-3,0,33,0,0,0,60,33
0,0,0,0,0,0,0,0,0
0,0,0,0,0,0,0,0,0
0,0,0,0,0,0,0,0,0
0,0,0,0,0,0,0,0,0
0,0,0,0,0,0,0,0,0
0,0,0,0,0,0,0,0,0
0,0,0,0,0,0,0,0,0
0,0,-3,0,0,0,33,33,60
0,-3,0,0,0,0,-3,33,60
-3,0,0,0,0,0,23,23,33
0,0,0,0,0,0,0,0,0
0,0,-3,45,60,0,82,82,82
0,-3,0,45,60,0,82,82,82
-3,0,0,23,82,0,82,82,82
0,0,0,0,23,0,33,33,60
0,45,45,0,23,0,33,82,60
45,0,45,0,23,0,60,82,82
0,0,0,0,23,0,-3,33,60
23,23,0,0,23,0,45,82,60
0,0,0,0,23,0,23,23,33
0,0,-3,0,0,0,23,-3,33
0,-3,0,0,0,0,-3,-3,33
-3,0,0,0,0,0,33,33,60
0,0,0,23,0,0,23,-3,33
0,45,23,23,0,0,23,23,33
23,0,45,23,0,0,60,33,60
0,0,0,23,0,0,-3,-3,33
23,45,0,23,0,0,33,82,82
0,0,0,23,0,0,33,33,60
0,23,0,0,0,0,-3,23,33
23,0,0,0,0,0,23,-3,33
0,0,23,0,0,0,-3,23,33
45,23,60,0,0,0,82,82,82
0,0,23,0,0,0,23,-3,33
23,0,0,0,0,0,-3,-3,33
0,23,0,0,0,0,-3,-3,33
0,0,0,0,0,0,0,0,0
0,0,-3,45,0,82,82,82,82
0,-3,0,45,0,60,82,82,82
-3,0,0,23,0,82,82,60,82
0,0,0,0,0,23,33,33,60
0,45,23,0,0,45,33,82,82
45,0,23,0,0,45,60,82,82
0,0,0,0,0,23,-3,33,60
45,23,0,0,0,45,45,60,60
0,0,0,0,0,23,23,23,33
0,0,-3,0,45,82,82,82,82
0,-3,0,0,23,60,82,82,82
-3,0,0,0,45,82,82,60,82
0,0,0,45,23,82,82,82,82
0,62,62,62,32,100,100,100,82
62,0,62,62,45,100,100,100,100
0,0,0,45,23,60,82,82,82
62,62,0,45,62,100,100,100,82
0,0,0,23,45,82,82,82,82
0,45,0,0,45,45,33,82,82
45,0,0,0,23,45,82,82,82
0,0,45,0,23,45,33,82,82
62,62,82,0,100,100,100,100,100
0,0,45,0,23,45,60,82,82
45,0,0,0,23,45,45,60,60
0,23,0,0,23,45,45,60,60
0,0,0,0,0,23,23,-3,33
0,23,23,0,0,23,23,23,33
23,0,45,0,0,23,60,33,60
0,0,0,0,0,23,-3,-3,33
23,45,0,0,0,45,33,82,82
0,0,0,0,0,23,33,33,60
0,23,0,23,0,23,45,23,33
23,0,0,23,0,45,60,33,60
0,0,23,23,0,23,23,23,33
23,45,100,100,0,100,100,100,100
0,0,45,23,0,45,60,33,60
23,0,0,23,0,45,33,82,82
0,45,0,23,0,45,33,82,82
0,0,0,0,0,-3,-3,23,33
23,60,0,0,0,33,82,82,82
0,0,0,0,0,-3,23,-3,33
23,0,60,0,0,33,82,82,82
0,23,60,0,0,33,82,82,82
0,0,0,0,0,-3,-3,-3,33
0,0,-3,0,0,0,33,60,60
0,-3,0,0,0,0,23,33,33
-3,0,0,0,0,0,60,33,33
0,0,0,23,0,0,33,60,60
0,45,23,23,0,0,82,82,82
45,0,45,45,0,0,60,82,82
0,0,0,23,0,0,23,33,33
23,45,0,45,0,0,82,82,33
0,0,0,23,0,0,60,33,33
0,23,0,0,0,0,33,60,33
23,0,0,0,0,0,60,33,60
0,0,23,0,0,0,33,60,33
45,45,82,0,0,0,60,60,82
0,0,23,0,0,0,60,33,60
23,0,0,0,0,0,-3,60,33
0,23,0,0,0,0,-3,60,33
0,0,0,0,23,0,33,60,60
0,45,23,0,23,0,82,82,82
45,0,45,0,45,0,60,82,82
0,0,0,0,23,0,23,33,33
23,45,0,0,45,0,60,82,33
0,0,0,0,23,0,60,33,33
0,45,0,45,23,0,82,82,82
45,0,0,45,45,0,60,82,82
0,0,45,45,23,0,82,82,82
62,62,100,100,100,0,100,100,100
0,0,45,45,45,0,60,82,60
23,0,0,45,45,0,82,82,33
0,45,0,45,45,0,82,82,33
0,0,0,0,-3,0,33,60,33
45,82,0,0,33,0,82,82,82
0,0,0,0,-3,0,60,33,60
45,0,82,0,33,0,82,82,60
0,45,82,0,33,0,82,82,82
0,0,0,0,-3,0,-3,60,33
0,23,0,0,0,0,-3,-3,33
23,0,0,0,0,0,33,33,60
0,0,23,0,0,0,-3,-3,33
23,45,82,0,0,0,82,82,82
0,0,23,0,0,0,33,33,60
23,0,0,0,0,0,33,60,33
0,23,0,0,0,0,33,60,33
0,0,0,-3,0,0,-3,-3,33
23,82,0,33,0,0,82,82,82
0,0,0,-3,0,0,33,33,60
23,0,82,33,0,0,82,82,82
0,45,82,33,0,0,82,82,82
0,0,0,-3,0,0,33,60,33
0,0,0,0,0,0,0,0,0
0,0,0,0,0,0,0,0,0
0,0,0,0,0,0,0,0,0
0,0,0,0,0,0,0,0,0
0,0,-3,33,0,0,0,33,60
0,-3,0,33,0,0,0,60,33
-3,0,0,60,0,0,0,33,60
0,0,0,0,0,0,0,0,0
0,0,0,0,0,0,0,0,0
-3,0,23,0,0,0,0,-3,33
0,0,0,0,0,0,0,0,0
-3,23,0,0,0,0,0,60,60
0,0,0,0,0,0,0,0,33
0,0,-3,0,60,0,0,33,60
0,-3,0,0,33,0,0,60,60
-3,0,0,0,33,0,0,60,60
0,0,0,-3,60,0,0,33,60
0,45,45,-3,60,0,0,82,60
45,0,45,23,60,0,0,82,60
0,0,0,-3,33,0,0,60,33
23,45,0,45,33,0,0,60,60
0,0,0,23,33,0,0,60,60
0,0,0,0,0,0,0,0,0
-3,0,0,0,23,0,0,23,33
0,0,0,0,0,0,0,0,0
-3,23,82,0,82,0,0,82,82
0,0,23,0,23,0,0,23,33
-3,0,0,0,-3,0,0,60,60
0,23,0,0,-3,0,0,60,60
0,0,0,0,0,0,0,0,33
0,23,-3,0,0,0,0,23,33
23,0,-3,0,0,0,0,-3,33
0,0,0,0,0,0,0,0,0
0,0,0,0,0,0,0,0,0
0,0,0,0,0,0,0,0,0
0,23,0,-3,0,0,0,23,33
23,0,0,23,0,0,0,-3,33
0,0,-3,-3,0,0,0,23,33
23,23,33,82,0,0,0,60,82
0,0,-3,23,0,0,0,-3,33
0,0,0,0,0,0,0,0,0
0,0,0,0,0,0,0,0,0
0,0,0,0,0,0,0,0,0
-3,60,0,0,0,0,0,33,60
0,0,0,0,0,0,0,0,33
-3,0,33,0,0,0,0,60,60
0,23,33,0,0,0,0,60,60
0,0,0,0,0,0,0,0,0
0,0,-3,0,0,33,0,60,60
0,-3,0,0,0,60,0,60,33
-3,0,0,0,0,60,0,33,60
0,0,0,-3,0,33,0,33,60
0,45,45,-3,0,82,0,60,82
45,0,45,23,0,60,0,82,60
0,0,0,-3,0,60,0,60,33
45,45,0,45,0,82,0,82,60
0,0,0,23,0,60,0,33,60
0,0,0,0,0,0,0,0,0
-3,0,0,0,0,23,0,23,33
0,0,0,0,0,0,0,0,0
-3,23,82,0,0,60,0,82,82
0,0,23,0,0,23,0,23,33
-3,0,0,0,0,-3,0,60,60
0,23,0,0,0,-3,0,60,60
0,0,0,0,23,33,0,60,60
0,45,45,0,23,82,0,60,82
45,0,45,0,23,60,0,82,60
0,0,0,0,-3,60,0,60,33
45,45,0,0,-3,82,0,82,60
0,0,0,0,-3,60,0,33,60
0,45,0,-3,23,82,0,60,82
45,0,0,23,23,60,0,82,60
0,0,45,-3,23,82,0,60,82
62,62,100,100,100,100,0,100,100
0,0,45,23,23,60,0,82,60
45,0,0,45,-3,60,0,82,60
0,45,0,45,-3,82,0,82,60
0,0,0,0,0,0,0,0,0
-3,60,0,0,82,82,0,82,82
0,0,0,0,23,23,0,23,33
-3,0,82,0,82,82,0,82,82
0,23,82,0,82,82,0,82,82
0,0,0,0,-3,-3,0,60,60
0,23,0,0,0,-3,0,23,33
23,0,0,0,0,-3,0,-3,33
0,0,-3,0,0,-3,0,23,33
23,23,33,0,0,82,0,82,82
0,0,-3,0,0,-3,0,-3,33
0,0,0,0,0,0,0,0,0
0,0,0,0,0,0,0,0,0
0,0,0,-3,0,-3,0,23,33
23,60,0,82,0,82,0,82,82
0,0,0,23,0,-3,0,-3,33
23,0,33,82,0,82,0,82,82
0,23,33,82,0,82,0,82,82
0,0,0,0,0,0,0,0,0
33,0,0,0,0,33,0,33,60
0,60,0,0,0,33,0,33,60
0,0,33,0,0,33,0,60,60
0,0,0,0,0,0,0,-3,-3
0,-3,23,0,0,0,0,33,60
-3,0,23,0,0,0,0,23,33
0,0,0,0,0,0,0,33,0
23,23,0,0,0,0,0,60,33
0,0,0,0,0,0,0,0,33
0,-3,0,-3,0,0,0,33,60
-3,0,0,23,0,0,0,23,33
0,0,23,-3,0,0,0,33,60
45,23,82,82,0,0,0,82,60
0,0,23,23,0,0,0,23,33
23,0,0,-3,0,0,0,60,33
0,23,0,-3,0,0,0,60,33
0,0,0,0,0,0,0,0,0
-3,60,0,0,0,0,0,33,60
0,0,0,0,0,0,0,0,33
-3,0,33,0,0,0,0,33,33
0,23,33,0,0,0,0,33,33
0,0,0,0,0,0,0,0,0
0,-3,0,0,-3,0,0,33,60
-3,0,0,0,-3,0,0,23,33
0,0,23,0,-3,0,0,33,60
45,23,82,0,82,0,0,82,60
0,0,23,0,-3,0,0,23,33
23,0,0,0,-3,0,0,60,33
0,23,0,0,-3,0,0,60,33
0,0,0,-3,-3,0,0,33,60
23,60,0,82,82,0,0,82,82
0,0,0,23,-3,0,0,23,33
45,0,82,82,82,0,0,82,82
0,23,82,82,82,0,0,82,82
0,0,0,23,-3,0,0,60,33
33,0,0,0,33,0,0,60,33
0,60,0,0,33,0,0,33,60
0,0,60,0,33,0,0,33,33
0,0,0,0,0,0,0,-3,-3
-3,33,0,0,0,0,0,60,60
0,0,0,0,0,0,0,-3,-3
-3,0,33,0,0,0,0,60,60
0,-3,33,0,0,0,0,60,60
0,0,0,0,0,0,0,0,0
33,0,0,33,0,0,0,60,60
0,33,0,33,0,0,0,60,60
0,0,33,33,0,0,0,60,60
0,0,0,0,0,0,0,0,0
0,0,0,0,0,0,0,0,0
0,0,33,0,0,0,0,0,0
0,-3,0,0,0,0,0,0,-3
-3,0,0,0,0,0,0,0,33
0,0,0,0,0,0,0,0,0
0,0,-3,-3,33,0,0,0,60
0,-3,0,-3,33,0,0,0,60
-3,0,0,60,33,0,0,0,60
0,0,0,0,0,0,0,0,0
0,23,-3,0,60,0,0,0,60
23,0,23,0,33,0,0,0,60
0,0,0,0,-3,0,0,0,-3
-3,23,0,0,-3,0,0,0,33
0,0,0,0,-3,0,0,0,33
0,0,0,0,0,0,0,0,0
0,-3,0,0,0,0,0,0,-3
0,0,0,0,0,0,0,0,0
0,0,0,0,0,0,0,0,0
0,-3,-3,23,0,0,0,0,33
0,0,0,0,0,0,0,0,0
0,0,0,-3,0,0,0,0,-3
-3,-3,0,33,0,0,0,0,60
0,0,0,0,0,0,0,0,0
0,0,0,0,0,0,0,0,33
0,0,0,0,0,0,0,0,0
0,0,-3,0,0,0,0,0,33
23,-3,33,0,0,0,0,0,60
0,0,0,0,0,0,0,0,0
-3,0,0,0,0,0,0,0,-3
0,-3,0,0,0,0,0,0,-3
0,0,0,0,0,0,0,0,0
0,0,33,60,0,60,0,0,33
0,-3,0,-3,0,33,0,0,60
-3,0,0,60,0,33,0,0,60
0,23,33,0,0,60,0,0,60
23,0,60,0,0,33,0,0,60
0,0,0,0,0,-3,0,0,-3
-3,23,0,0,0,23,0,0,33
0,0,0,0,0,0,0,0,33
0,0,-3,0,33,60,0,0,60
0,-3,0,0,-3,33,0,0,60
33,0,0,0,33,60,0,0,33
0,0,0,-3,33,60,0,0,60
0,45,45,45,60,82,0,0,60
45,0,45,82,33,82,0,0,82
0,0,0,-3,-3,33,0,0,60
45,45,0,60,82,82,0,0,82
0,0,0,60,33,33,0,0,60
0,-3,0,0,60,60,0,0,60
-3,0,0,0,33,60,0,0,60
0,0,-3,0,60,60,0,0,60
45,45,60,0,82,82,0,0,82
0,0,23,0,33,60,0,0,60
-3,0,0,0,-3,23,0,0,33
0,23,0,0,-3,23,0,0,33
0,0,0,0,0,0,0,0,0
0,-3,-3,0,0,-3,0,0,33
0,0,0,0,0,0,0,0,0
0,0,0,0,0,-3,0,0,-3
33,33,0,0,0,60,0,0,60
0,0,0,0,0,0,0,0,0
0,-3,0,23,0,-3,0,0,33
0,0,0,0,0,0,0,0,0
0,0,-3,23,0,-3,0,0,33
23,-3,82,82,0,82,0,0,82
0,0,0,0,0,0,0,0,0
-3,0,0,33,0,60,0,0,60
0,-3,0,33,0,60,0,0,60
0,0,0,0,0,-3,0,0,33
23,33,0,0,0,33,0,0,60
0,0,0,0,0,0,0,0,0
23,0,33,0,0,33,0,0,60
0,-3,33,0,0,33,0,0,60
0,0,0,0,0,-3,0,0,-3
0,0,33,0,0,0,0,0,0
0,-3,0,0,0,0,0,0,-3
33,0,0,0,0,0,0,0,0
0,23,33,60,0,0,0,0,60
23,0,60,33,0,0,0,0,33
0,0,0,-3,0,0,0,0,-3
-3,-3,0,60,0,0,0,0,33
0,0,0,0,0,0,0,0,0
0,0,33,0,0,0,0,0,0
23,-3,60,0,0,0,0,0,60
0,0,0,0,0,0,0,0,0
-3,0,0,0,0,0,0,0,33
0,0,0,0,0,0,0,0,33
0,0,0,0,33,0,0,0,0
0,23,-3,0,33,0,0,0,60
60,0,60,0,33,0,0,0,33
0,0,0,0,-3,0,0,0,-3
33,60,0,0,60,0,0,0,33
0,23,0,23,33,0,0,0,60
23,0,0,60,33,0,0,0,33
0,0,-3,23,33,0,0,0,60
45,45,82,82,82,0,0,0,82
0,0,-3,60,33,0,0,0,33
-3,0,0,60,60,0,0,0,33
0,-3,0,60,60,0,0,0,33
0,0,0,0,33,0,0,0,0
23,60,0,0,33,0,0,0,33
0,0,0,0,33,0,0,0,0
23,0,60,0,33,0,0,0,60
0,23,60,0,33,0,0,0,60
0,0,0,0,-3,0,0,0,33
0,-3,0,0,0,0,0,0,-3
0,0,0,0,0,0,0,0,0
0,0,-3,0,0,0,0,0,-3
33,33,60,0,0,0,0,0,60
0,0,0,0,0,0,0,0,0
33,0,0,0,0,0,0,0,0
0,0,0,-3,0,0,0,0,-3
-3,33,0,33,0,0,0,0,33
0,0,0,0,0,0,0,0,0
-3,0,60,33,0,0,0,0,33
0,-3,60,33,0,0,0,0,33
0,0,0,33,0,0,0,0,0
0,0,0,0,0,0,0,0,0
0,0,0,0,0,0,0,0,0
0,0,0,0,0,0,0,0,0
0,0,0,0,0,0,0,0,0
0,0,-3,33,0,0,33,0,33
0,-3,0,33,0,0,60,0,60
-3,0,0,60,0,0,33,0,60
0,0,0,0,0,0,0,0,0
0,-3,-3,0,0,0,33,0,60
-3,0,23,0,0,0,60,0,60
0,0,0,0,0,0,-3,0,-3
-3,23,0,0,0,0,23,0,33
0,0,0,0,0,0,0,0,33
0,0,-3,0,33,0,33,0,60
0,-3,0,0,33,0,60,0,60
-3,0,0,0,33,0,60,0,33
0,0,0,-3,33,0,33,0,60
0,45,45,45,60,0,82,0,60
45,0,45,45,33,0,60,0,60
0,0,0,-3,33,0,60,0,60
45,45,0,23,82,0,60,0,82
0,0,0,23,33,0,60,0,33
0,-3,0,0,23,0,33,0,60
-3,0,0,0,-3,0,60,0,60
0,0,-3,0,23,0,33,0,60
45,45,60,0,82,0,82,0,82
0,0,23,0,-3,0,60,0,60
-3,0,0,0,-3,0,23,0,33
0,23,0,0,-3,0,23,0,33
0,0,0,0,0,0,0,0,0
0,-3,-3,0,0,0,23,0,33
0,0,0,0,0,0,0,0,0
0,0,0,0,0,0,-3,0,-3
-3,-3,0,0,0,0,33,0,60
0,0,0,0,0,0,0,0,0
0,-3,0,23,0,0,23,0,33
0,0,0,0,0,0,0,0,0
0,0,-3,23,0,0,23,0,33
23,-3,82,82,0,0,60,0,82
0,0,0,0,0,0,0,0,0
-3,0,0,-3,0,0,33,0,60
0,-3,0,-3,0,0,33,0,60
0,0,0,0,0,0,0,0,33
23,33,0,0,0,0,33,0,60
0,0,0,0,0,0,0,0,0
23,0,33,0,0,0,60,0,60
0,-3,33,0,0,0,60,0,60
0,0,0,0,0,0,-3,0,-3
0,0,-3,0,0,60,60,0,33
0,-3,0,0,0,33,60,0,60
-3,0,0,0,0,60,33,0,33
0,0,0,-3,0,60,60,0,33
0,45,45,45,0,82,60,0,82
45,0,23,45,0,82,82,0,82
0,0,0,-3,0,33,60,0,60
45,45,0,23,0,82,82,0,60
0,0,0,23,0,33,33,0,33
0,-3,0,0,0,23,33,0,60
-3,0,0,0,0,-3,60,0,60
0,0,-3,0,0,23,33,0,60
45,45,60,0,0,82,82,0,82
0,0,23,0,0,-3,60,0,60
-3,0,0,0,0,23,23,0,33
0,23,0,0,0,23,23,0,33
0,0,0,0,-3,60,60,0,33
0,45,45,0,23,82,60,0,82
45,0,23,0,-3,82,82,0,82
0,0,0,0,-3,33,60,0,60
45,23,0,0,45,82,82,0,60
0,0,0,0,-3,33,33,0,33
0,45,0,45,23,82,60,0,82
45,0,0,45,-3,82,82,0,82
0,0,45,45,23,82,60,0,82
62,62,100,100,100,100,100,0,100
0,0,23,45,-3,82,60,0,82
45,0,0,23,45,82,82,0,60
0,45,0,23,45,82,82,0,82
0,0,0,0,23,23,33,0,60
45,82,0,0,82,82,60,0,82
0,0,0,0,-3,-3,60,0,60
45,0,60,0,82,82,82,0,82
0,45,60,0,82,82,82,0,82
0,0,0,0,-3,23,23,0,33
0,-3,0,0,0,-3,23,0,33
0,0,0,0,0,0,0,0,0
0,0,-3,0,0,-3,23,0,33
23,-3,82,0,0,82,82,0,82
0,0,0,0,0,0,0,0,0
-3,0,0,0,0,23,33,0,60
0,-3,0,0,0,23,33,0,60
0,0,0,23,0,-3,23,0,33
23,33,0,82,0,82,82,0,82
0,0,0,0,0,0,0,0,0
45,0,82,82,0,82,82,0,82
0,-3,82,82,0,82,82,0,82
0,0,0,-3,0,23,33,0,60
60,0,0,0,0,33,33,0,60
0,33,0,0,0,33,33,0,60
0,0,33,0,0,33,60,0,60
0,0,0,0,0,0,33,0,0
0,23,-3,0,0,0,33,0,60
23,0,23,0,0,0,60,0,60
0,0,0,0,0,0,-3,0,-3
-3,-3,0,0,0,0,60,0,33
0,0,0,0,0,0,0,0,0
0,23,0,23,0,0,33,0,60
23,0,0,-3,0,0,60,0,60
0,0,-3,23,0,0,33,0,60
45,45,82,82,0,0,82,0,82
0,0,-3,-3,0,0,60,0,60
-3,0,0,23,0,0,60,0,33
0,-3,0,23,0,0,60,0,33
0,0,0,0,0,0,33,0,0
23,33,0,0,0,0,60,0,33
0,0,0,0,0,0,0,0,0
23,0,60,0,0,0,33,0,33
0,-3,60,0,0,0,33,0,60
0,0,0,0,0,0,0,0,33
0,23,0,0,-3,0,33,0,60
23,0,0,0,-3,0,60,0,60
0,0,-3,0,-3,0,33,0,60
45,45,82,0,82,0,82,0,60
0,0,-3,0,-3,0,60,0,60
-3,0,0,0,23,0,60,0,33
0,-3,0,0,23,0,60,0,33
0,0,0,23,-3,0,33,0,60
45,82,0,82,82,0,82,0,82
0,0,0,-3,-3,0,60,0,60
45,0,82,82,82,0,82,0,60
0,45,82,82,82,0,82,0,82
0,0,0,23,23,0,60,0,33
60,0,0,0,33,0,60,0,33
0,60,0,0,33,0,33,0,33
0,0,60,0,33,0,33,0,60
0,0,0,0,0,0,-3,0,-3
-3,33,0,0,0,0,60,0,33
0,0,0,0,0,0,0,0,0
-3,0,60,0,0,0,60,0,60
0,-3,60,0,0,0,60,0,33
0,0,0,0,0,0,33,0,0
33,0,0,33,0,0,60,0,60
0,33,0,33,0,0,60,0,33
0,0,60,33,0,0,60,0,33
0,0,0,0,0,0,0,0,0
0,0,0,0,0,0,0,0,0
0,-3,23,33,0,0,0,0,33
-3,0,-3,60,0,0,0,0,33
0,0,0,33,0,0,0,0,0
23,-3,0,60,0,0,0,0,33
0,0,0,0,0,0,0,0,0
0,0,0,0,0,0,0,0,0
0,0,0,0,0,0,0,0,33
0,0,0,0,0,0,0,0,0
-3,23,60,0,0,0,0,0,33
0,0,0,0,0,0,0,0,33
-3,0,0,0,0,0,0,0,33
0,0,0,0,0,0,0,0,33
0,0,0,0,0,0,0,0,0
0,-3,23,0,60,0,0,0,33
-3,0,23,0,33,0,0,0,33
0,0,0,0,33,0,0,0,0
23,23,0,0,33,0,0,0,33
0,0,0,0,33,0,0,0,0
0,-3,0,-3,60,0,0,0,33
-3,0,0,23,33,0,0,0,33
0,0,23,-3,60,0,0,0,33
23,23,60,82,60,0,0,0,33
0,0,-3,23,33,0,0,0,33
23,0,0,23,33,0,0,0,33
0,23,0,23,33,0,0,0,33
0,0,0,0,0,0,0,0,0
-3,60,0,0,33,0,0,0,33
0,0,0,0,0,0,0,0,33
-3,0,60,0,60,0,0,0,33
0,-3,60,0,60,0,0,0,33
0,0,0,0,-3,0,0,0,33
0,0,0,0,0,0,0,0,33
0,0,0,0,0,0,0,0,0
0,0,-3,0,0,0,0,0,33
23,-3,33,0,0,0,0,0,33
0,0,0,0,0,0,0,0,0
0,0,0,0,0,0,0,0,0
0,0,0,0,0,0,0,0,0
0,0,0,0,0,0,0,0,33
23,33,0,33,0,0,0,0,33
0,0,0,0,0,0,0,0,0
23,0,33,60,0,0,0,0,33
0,-3,33,33,0,0,0,0,33
0,0,0,0,0,0,0,0,0
0,0,0,0,0,0,0,0,0
0,0,0,0,0,0,0,0,0
0,0,33,0,0,0,0,0,0
0,0,0,0,0,33,0,0,0
0,23,23,0,0,33,0,0,33
23,0,-3,0,0,60,0,0,33
0,0,0,0,0,33,0,0,0
23,-3,0,0,0,60,0,0,33
0,0,0,0,0,0,0,0,0
0,23,0,-3,0,33,0,0,33
23,0,0,23,0,60,0,0,33
0,0,23,-3,0,33,0,0,33
23,45,82,82,0,82,0,0,33
0,0,-3,23,0,60,0,0,33
23,0,0,23,0,60,0,0,33
0,-3,0,23,0,60,0,0,33
0,0,0,0,0,0,0,0,0
-3,60,0,0,0,33,0,0,33
0,0,0,0,0,0,0,0,33
-3,0,60,0,0,33,0,0,33
0,23,60,0,0,33,0,0,33
0,0,0,0,0,0,0,0,33
0,23,0,0,23,33,0,0,33
23,0,0,0,-3,60,0,0,33
0,0,23,0,23,33,0,0,33
45,45,82,0,82,82,0,0,33
0,0,-3,0,-3,60,0,0,33
23,0,0,0,-3,60,0,0,33
0,-3,0,0,-3,60,0,0,33
0,0,0,-3,23,33,0,0,33
45,82,0,60,82,82,0,0,33
0,0,0,-3,-3,60,0,0,33
45,0,82,82,82,82,0,0,33
0,45,82,82,82,82,0,0,33
0,0,0,23,-3,60,0,0,33
33,0,0,0,33,60,0,0,33
0,33,0,0,33,33,0,0,33
0,0,60,0,60,33,0,0,33
0,0,0,0,0,-3,0,0,33
23,33,0,0,0,60,0,0,33
0,0,0,0,0,0,0,0,0
23,0,33,0,0,60,0,0,33
0,-3,33,0,0,60,0,0,33
0,0,0,0,0,0,0,0,0
60,0,0,33,0,60,0,0,33
0,33,0,33,0,60,0,0,33
0,0,33,60,0,60,0,0,33
0,-3,0,0,0,0,0,0,-3
-3,0,0,0,0,0,0,0,33
0,0,-3,0,0,0,0,0,-3
-3,23,60,0,0,0,0,0,33
0,0,0,0,0,0,0,0,33
-3,0,0,0,0,0,0,0,33
0,0,0,0,0,0,0,0,33
0,0,0,-3,0,0,0,0,-3
-3,60,0,33,0,0,0,0,33
0,0,0,0,0,0,0,0,33
-3,0,60,33,0,0,0,0,33
0,23,60,33,0,0,0,0,33
0,0,0,0,0,0,0,0,33
33,0,0,0,0,0,0,0,0
0,0,0,0,0,0,0,0,0
0,0,0,0,0,0,0,0,0
0,0,0,0,-3,0,0,0,-3
-3,60,0,0,60,0,0,0,33
0,0,0,0,-3,0,0,0,33
-3,0,60,0,60,0,0,0,33
0,23,60,0,60,0,0,0,33
0,0,0,0,-3,0,0,0,33
33,0,0,60,60,0,0,0,33
0,60,0,33,60,0,0,0,33
0,0,60,33,60,0,0,0,33
33,0,0,0,0,0,0,0,0
0,33,0,0,0,0,0,0,0
0,0,33,0,0,0,0,0,0
0,0,0,0,0,0,0,0,0
0,0,0,0,0,0,0,0,0
0,0,-3,0,33,0,0,0,0
0,-3,0,0,33,0,0,0,0
-3,0,0,0,-3,0,0,0,0
0,0,0,0,0,0,0,0,0
0,0,0,0,0,0,0,0,0
0,0,0,0,0,0,0,0,0
-3,0,0,33,0,0,0,0,0
0,0,0,0,0,0,0,0,0
0,0,0,0,0,0,0,0,0
-3,0,-3,0,0,0,0,0,0
0,0,0,0,0,0,0,0,0
-3,-3,0,0,0,0,0,0,0
0,0,0,0,0,0,0,0,0
0,0,0,0,0,0,0,0,0
0,0,33,0,0,0,0,0,0
0,33,0,0,0,0,0,0,0
-3,0,0,0,0,-3,0,0,0
0,0,0,0,0,0,0,0,0
0,0,-3,23,33,60,0,0,0
0,-3,0,23,33,33,0,0,0
-3,0,0,33,60,33,0,0,0
0,0,0,0,33,0,0,0,0
0,23,23,0,33,60,0,0,0
23,0,-3,0,33,60,0,0,0
0,0,0,0,33,0,0,0,0
23,-3,0,0,33,33,0,0,0
0,0,0,0,-3,-3,0,0,0
0,0,0,0,0,0,0,0,0
0,0,0,0,0,0,0,0,0
33,0,0,0,0,0,0,0,0
0,0,0,0,0,0,0,0,0
0,0,0,0,0,0,0,0,0
-3,0,23,33,0,60,0,0,0
0,0,0,0,0,0,0,0,0
-3,23,0,33,0,33,0,0,0
0,0,0,33,0,0,0,0,0
0,0,0,0,0,0,0,0,0
-3,0,0,0,0,-3,0,0,0
0,0,0,0,0,0,0,0,0
-3,-3,33,0,0,33,0,0,0
0,0,-3,0,0,-3,0,0,0
-3,0,0,0,0,-3,0,0,0
0,-3,0,0,0,-3,0,0,0
0,0,0,0,0,0,0,0,0
0,0,33,0,0,0,0,0,0
0,0,0,0,0,0,0,0,0
0,0,0,0,0,0,0,0,0
0,0,0,0,0,0,0,0,0
0,0,33,0,0,0,0,0,0
0,0,0,0,0,0,0,0,0
0,0,0,0,0,0,0,0,0
0,0,0,0,0,0,0,0,0
0,0,-3,0,33,0,0,0,0
0,0,0,0,0,0,0,0,0
0,0,0,0,0,0,0,0,0
0,0,0,0,33,0,0,0,0
0,23,-3,23,33,0,0,0,0
23,0,-3,60,60,0,0,0,0
0,0,0,0,0,0,0,0,0
0,0,0,0,0,0,0,0,0
0,0,0,0,0,0,0,0,0
0,0,0,0,33,0,0,0,0
0,0,0,0,33,0,0,0,0
0,0,0,0,33,0,0,0,0
23,23,33,0,33,0,0,0,0
0,0,-3,0,33,0,0,0,0
0,0,0,0,0,0,0,0,0
0,0,0,0,0,0,0,0,0
0,0,0,0,0,0,0,0,0
0,0,0,0,0,0,0,0,0
33,0,0,0,0,0,0,0,0
0,0,0,0,0,0,0,0,0
0,0,0,0,0,0,0,0,0
0,0,0,0,0,0,0,0,0
0,0,0,0,0,0,0,0,0
-3,0,0,33,0,0,0,0,0
0,0,0,0,0,0,0,0,0
-3,23,33,33,0,0,0,0,0
0,0,0,33,0,0,0,0,0
0,0,0,0,0,0,0,0,0
0,0,0,0,0,0,0,0,0
0,0,0,0,0,0,0,0,0
0,0,0,0,0,0,0,0,0
0,0,0,0,0,0,0,0,0
0,0,0,0,0,0,0,0,0
0,0,0,0,0,0,0,0,0
0,0,0,0,0,0,0,0,0
0,0,0,0,0,0,0,0,0
0,0,-3,0,0,0,33,0,0
0,33,0,0,0,0,0,0,0
-3,0,0,0,0,0,-3,0,0
0,0,0,0,0,0,0,0,0
0,0,-3,23,33,0,60,0,0
0,-3,0,23,33,0,60,0,0
-3,0,0,-3,60,0,60,0,0
0,0,0,0,-3,0,33,0,0
0,23,23,0,33,0,33,0,0
23,0,-3,0,-3,0,33,0,0
0,0,0,0,33,0,0,0,0
23,-3,0,0,33,0,60,0,0
0,0,0,0,-3,0,-3,0,0
0,0,0,0,0,0,0,0,0
0,0,0,0,0,0,0,0,0
-3,0,0,0,0,0,33,0,0
0,0,0,0,0,0,0,0,0
0,0,0,0,0,0,0,0,0
-3,0,23,-3,0,0,33,0,0
0,0,0,0,0,0,0,0,0
-3,23,0,-3,0,0,33,0,0
0,0,0,-3,0,0,33,0,0
0,0,0,0,0,0,0,0,0
-3,0,0,0,0,0,-3,0,0
0,0,0,0,0,0,0,0,0
-3,-3,33,0,0,0,60,0,0
0,0,-3,0,0,0,-3,0,0
-3,0,0,0,0,0,-3,0,0
0,-3,0,0,0,0,-3,0,0
0,0,0,0,0,0,0,0,0
0,0,-3,23,0,60,60,0,0
0,33,0,60,0,33,33,0,0
-3,0,0,-3,0,33,60,0,0
0,0,0,0,0,0,33,0,0
0,60,60,0,0,33,33,0,0
23,0,-3,0,0,23,33,0,0
23,33,0,0,0,33,60,0,0
0,0,0,0,0,-3,-3,0,0
0,0,-3,0,-3,60,60,0,0
0,-3,0,0,33,33,60,0,0
-3,0,0,0,23,33,60,0,0
0,0,0,23,-3,60,60,0,0
0,45,45,45,33,82,82,0,0
45,0,45,23,23,60,60,0,0
0,0,0,23,33,33,60,0,0
23,45,0,45,60,33,60,0,0
0,0,0,-3,23,33,60,0,0
0,23,0,0,33,33,33,0,0
23,0,0,0,-3,23,33,0,0
0,0,23,0,33,60,33,0,0
45,23,82,0,82,60,82,0,0
0,0,-3,0,-3,23,33,0,0
23,0,0,0,33,33,60,0,0
0,-3,0,0,33,33,60,0,0
0,0,0,0,0,0,0,0,0
0,0,0,0,0,0,0,0,0
-3,0,23,0,0,23,33,0,0
0,0,0,0,0,0,0,0,0
-3,23,0,0,0,-3,33,0,0
0,0,0,0,0,0,33,0,0
0,0,0,0,0,0,0,0,0
-3,0,0,-3,0,23,33,0,0
0,0,0,0,0,0,0,0,0
-3,23,60,60,0,82,82,0,0
0,0,23,-3,0,23,33,0,0
-3,0,0,-3,0,-3,33,0,0
0,23,0,-3,0,-3,33,0,0
0,0,0,0,0,0,0,0,0
-3,33,0,0,0,33,60,0,0
0,0,0,0,0,-3,-3,0,0
-3,0,33,0,0,33,60,0,0
0,-3,33,0,0,33,60,0,0
0,0,0,0,0,-3,-3,0,0
0,0,-3,0,0,0,33,0,0
0,0,0,0,0,0,0,0,0
0,0,0,0,0,0,0,0,0
0,0,0,0,0,0,33,0,0
0,60,33,33,0,0,60,0,0
23,0,-3,23,0,0,33,0,0
0,0,0,0,0,0,0,0,0
0,0,0,0,0,0,0,0,0
0,0,0,0,0,0,0,0,0
0,0,0,0,0,0,0,0,0
0,0,0,0,0,0,33,0,0
-3,60,33,0,0,0,60,0,0
0,0,-3,0,0,0,33,0,0
0,0,0,0,0,0,0,0,0
0,0,0,0,0,0,0,0,0
0,0,0,0,-3,0,33,0,0
0,23,-3,0,33,0,60,0,0
23,0,-3,0,23,0,33,0,0
0,0,0,0,0,0,0,0,0
0,0,0,0,0,0,0,0,0
0,0,0,0,0,0,0,0,0
0,23,0,23,33,0,60,0,0
23,0,0,23,23,0,33,0,0
0,0,-3,23,33,0,60,0,0
45,23,33,60,82,0,82,0,0
0,0,-3,23,23,0,33,0,0
0,0,0,0,0,0,0,0,0
0,0,0,0,0,0,0,0,0
0,0,0,0,33,0,0,0,0
23,60,0,0,33,0,60,0,0
0,0,0,0,-3,0,33,0,0
23,0,33,0,33,0,33,0,0
0,23,33,0,33,0,60,0,0
0,0,0,0,0,0,0,0,0
0,0,0,0,0,0,0,0,0
-3,0,0,0,0,0,33,0,0
0,0,0,0,0,0,0,0,0
-3,23,33,0,0,0,60,0,0
0,0,0,0,0,0,33,0,0
0,0,0,0,0,0,0,0,0
0,0,0,0,0,0,0,0,0
0,0,0,0,0,0,0,0,0
-3,60,0,33,0,0,60,0,0
0,0,0,-3,0,0,33,0,0
-3,0,33,33,0,0,60,0,0
0,23,33,33,0,0,60,0,0
0,0,0,0,0,0,0,0,0
0,0,0,0,0,0,0,0,0
0,0,0,0,0,0,0,0,0
0,0,0,0,0,0,0,0,0
0,0,0,0,0,0,0,0,0
0,0,0,33,0,0,0,0,0
0,0,0,0,0,0,0,0,0
0,0,0,33,0,0,0,0,0
0,0,0,0,0,0,0,0,0
0,0,0,0,0,0,0,0,0
-3,0,-3,0,0,0,0,0,0
0,0,0,0,0,0,0,0,0
0,33,0,0,0,0,0,0,0
0,0,0,0,0,0,0,0,0
0,0,0,0,33,0,0,0,0
0,0,0,0,33,0,0,0,0
0,0,0,0,33,0,0,0,0
0,0,0,-3,33,0,0,0,0
0,23,-3,-3,33,0,0,0,0
23,0,23,-3,33,0,0,0,0
0,0,0,0,33,0,0,0,0
23,23,0,23,33,0,0,0,0
0,0,0,-3,33,0,0,0,0
0,0,0,0,0,0,0,0,0
-3,0,0,0,-3,0,0,0,0
0,0,0,0,0,0,0,0,0
-3,-3,60,0,60,0,0,0,0
0,0,-3,0,-3,0,0,0,0
0,0,0,0,33,0,0,0,0
0,-3,0,0,33,0,0,0,0
0,0,0,0,0,0,0,0,0
0,0,0,0,0,0,0,0,0
-3,0,-3,0,0,0,0,0,0
0,0,0,0,0,0,0,0,0
0,0,0,0,0,0,0,0,0
0,0,0,0,0,0,0,0,0
0,0,0,0,0,0,0,0,0
-3,0,0,-3,0,0,0,0,0
0,0,0,0,0,0,0,0,0
-3,-3,33,60,0,0,0,0,0
0,0,-3,-3,0,0,0,0,0
0,0,0,0,0,0,0,0,0
0,0,0,0,0,0,0,0,0
0,0,0,0,0,0,0,0,0
-3,33,0,0,0,0,0,0,0
0,0,0,0,0,0,0,0,0
-3,0,33,0,0,0,0,0,0
0,-3,33,0,0,0,0,0,0
0,0,0,0,0,0,0,0,0
0,0,0,0,0,33,0,0,0
0,0,0,0,0,0,0,0,0
0,0,0,0,0,33,0,0,0
0,0,0,-3,0,33,0,0,0
0,60,33,33,0,60,0,0,0
23,0,23,-3,0,33,0,0,0
-3,60,0,60,0,33,0,0,0
0,0,0,-3,0,33,0,0,0
0,0,0,0,0,0,0,0,0
-3,0,0,0,0,-3,0,0,0
0,0,0,0,0,0,0,0,0
-3,33,60,0,0,60,0,0,0
0,0,-3,0,0,-3,0,0,0
0,33,0,0,0,0,0,0,0
0,0,0,0,-3,33,0,0,0
0,23,23,0,33,60,0,0,0
23,0,23,0,-3,33,0,0,0
0,0,0,0,33,0,0,0,0
23,23,0,0,33,33,0,0,0
0,0,0,0,-3,33,0,0,0
0,23,0,-3,33,60,0,0,0
23,0,0,-3,-3,33,0,0,0
0,0,23,-3,33,60,0,0,0
45,23,60,82,82,82,0,0,0
0,0,23,-3,-3,33,0,0,0
23,0,0,23,33,33,0,0,0
0,23,0,23,33,33,0,0,0
0,0,0,0,0,0,0,0,0
-3,33,0,0,60,60,0,0,0
0,0,0,0,-3,-3,0,0,0
-3,0,60,0,60,33,0,0,0
0,-3,60,0,60,33,0,0,0
0,0,0,0,33,0,0,0,0
0,0,0,0,0,0,0,0,0
-3,0,0,0,0,-3,0,0,0
0,0,0,0,0,0,0,0,0
-3,-3,33,0,0,60,0,0,0
0,0,-3,0,0,-3,0,0,0
0,0,0,0,0,0,0,0,0
0,0,0,0,0,0,0,0,0
0,0,0,0,0,0,0,0,0
-3,33,0,60,0,60,0,0,0
0,0,0,-3,0,-3,0,0,0
-3,0,33,60,0,60,0,0,0
0,-3,33,60,0,60,0,0,0
0,0,0,0,0,0,0,0,0
33,0,0,0,0,0,0,0,0
0,33,0,0,0,0,0,0,0
0,0,33,0,0,0,0,0,0
0,0,0,0,0,0,0,0,0
0,33,0,0,0,0,0,0,0
-3,0,-3,0,0,0,0,0,0
0,0,0,0,0,0,0,0,0
0,0,0,0,0,0,0,0,0
0,0,0,0,0,0,0,0,0
0,33,0,0,0,0,0,0,0
-3,0,0,-3,0,0,0,0,0
23,33,33,60,0,0,0,0,0
0,0,-3,-3,0,0,0,0,0
0,0,0,0,0,0,0,0,0
0,0,0,0,0,0,0,0,0
0,0,0,0,0,0,0,0,0
0,33,0,0,0,0,0,0,0
0,0,0,0,0,0,0,0,0
0,33,0,0,0,0,0,0,0
0,0,0,0,0,0,0,0,0
0,-3,0,0,33,0,0,0,0
-3,0,0,0,-3,0,0,0,0
0,0,0,0,33,0,0,0,0
23,-3,33,0,60,0,0,0,0
0,0,-3,0,-3,0,0,0,0
0,0,0,0,0,0,0,0,0
0,0,0,0,0,0,0,0,0
0,0,0,0,33,0,0,0,0
23,33,0,60,60,0,0,0,0
0,0,0,-3,-3,0,0,0,0
23,0,33,33,60,0,0,0,0
0,-3,33,33,60,0,0,0,0
0,0,0,0,0,0,0,0,0
0,0,0,0,0,0,0,0,0
0,33,0,0,0,0,0,0,0
0,0,0,0,0,0,0,0,0
0,0,0,0,0,0,0,0,0
-3,33,0,0,0,0,0,0,0
0,0,0,0,0,0,0,0,0
-3,0,33,0,0,0,0,0,0
0,-3,33,0,0,0,0,0,0
0,0,0,0,0,0,0,0,0
33,0,0,0,0,0,0,0,0
0,33,0,0,0,0,0,0,0
0,0,33,0,0,0,0,0,0
0,0,0,0,0,0,0,0,0
0,0,0,0,0,0,0,0,0
0,0,33,0,0,0,0,0,0
0,-3,0,0,0,0,0,33,0
-3,0,0,0,0,0,0,-3,0
0,0,0,0,0,0,0,0,0
0,0,-3,23,33,0,0,60,0
0,-3,0,23,33,0,0,60,0
-3,0,0,33,60,0,0,60,0
0,0,0,0,33,0,0,0,0
0,23,23,0,33,0,0,60,0
23,0,-3,0,33,0,0,60,0
0,0,0,0,-3,0,0,33,0
23,-3,0,0,-3,0,0,33,0
0,0,0,0,-3,0,0,-3,0
0,0,0,0,0,0,0,0,0
0,0,0,0,0,0,0,0,0
33,0,0,0,0,0,0,0,0
0,0,0,0,0,0,0,0,0
0,0,0,0,0,0,0,0,0
-3,0,23,33,0,0,0,33,0
0,0,0,0,0,0,0,0,0
-3,23,0,33,0,0,0,60,0
0,0,0,33,0,0,0,0,0
0,0,0,0,0,0,0,0,0
-3,0,0,0,0,0,0,-3,0
0,0,0,0,0,0,0,0,0
-3,-3,33,0,0,0,0,60,0
0,0,-3,0,0,0,0,-3,0
-3,0,0,0,0,0,0,-3,0
0,-3,0,0,0,0,0,-3,0
0,0,0,0,0,0,0,0,0
0,0,33,60,0,60,0,33,0
0,-3,0,23,0,33,0,60,0
-3,0,0,33,0,33,0,60,0
0,23,60,0,0,33,0,60,0
23,0,33,0,0,60,0,60,0
0,0,0,0,0,0,0,33,0
23,-3,0,0,0,-3,0,33,0
0,0,0,0,0,-3,0,-3,0
0,0,-3,0,33,60,0,60,0
0,-3,0,0,-3,33,0,60,0
33,0,0,0,60,33,0,33,0
0,0,0,23,33,60,0,60,0
0,45,45,45,33,82,0,82,0
45,0,45,82,82,82,0,82,0
0,0,0,23,-3,33,0,60,0
45,45,0,60,60,33,0,82,0
0,0,0,33,60,33,0,60,0
0,23,0,0,33,60,0,60,0
23,0,0,0,33,60,0,60,0
0,0,23,0,33,60,0,60,0
45,45,60,0,82,82,0,82,0
0,0,-3,0,33,60,0,60,0
23,0,0,0,-3,-3,0,33,0
0,-3,0,0,-3,-3,0,33,0
0,0,0,0,0,0,0,0,0
0,0,0,0,0,0,0,0,0
33,0,60,0,0,60,0,33,0
0,0,0,0,0,0,0,0,0
33,60,0,0,0,33,0,60,0
0,0,0,0,0,0,0,0,0
-3,0,0,33,0,60,0,33,0
0,0,0,0,0,0,0,0,0
-3,45,82,82,0,60,0,82,0
0,0,23,33,0,60,0,33,0
-3,0,0,33,0,33,0,60,0
0,23,0,33,0,33,0,60,0
0,0,0,0,0,0,0,0,0
-3,33,0,0,0,33,0,60,0
0,0,0,0,0,-3,0,-3,0
-3,0,33,0,0,33,0,60,0
0,-3,33,0,0,33,0,60,0
0,0,0,0,0,-3,0,-3,0
0,0,33,0,0,0,0,0,0
0,0,0,0,0,0,0,0,0
0,0,0,0,0,0,0,0,0
0,23,33,33,0,0,0,60,0
23,0,33,60,0,0,0,33,0
0,0,0,0,0,0,0,0,0
0,0,0,0,0,0,0,0,0
0,0,0,0,0,0,0,0,0
0,0,0,0,0,0,0,0,0
-3,23,33,0,0,0,0,60,0
0,0,33,0,0,0,0,0,0
0,0,0,0,0,0,0,0,0
0,0,0,0,0,0,0,0,0
0,0,0,0,33,0,0,0,0
0,23,-3,0,33,0,0,60,0
60,0,33,0,60,0,0,33,0
0,0,0,0,0,0,0,0,0
0,0,0,0,0,0,0,0,0
0,0,0,0,0,0,0,0,0
0,23,0,23,33,0,0,60,0
23,0,0,60,60,0,0,33,0
0,0,-3,23,33,0,0,60,0
45,45,33,82,60,0,0,82,0
0,0,-3,60,60,0,0,33,0
0,0,0,0,0,0,0,0,0
0,0,0,0,0,0,0,0,0
0,0,0,0,33,0,0,0,0
23,60,0,0,33,0,0,33,0
0,0,0,0,33,0,0,0,0
23,0,33,0,33,0,0,60,0
0,23,33,0,33,0,0,60,0
0,0,0,0,0,0,0,0,0
0,0,0,0,0,0,0,0,0
33,0,0,0,0,0,0,0,0
0,0,0,0,0,0,0,0,0
33,60,33,0,0,0,0,60,0
0,0,0,0,0,0,0,0,0
0,0,0,0,0,0,0,0,0
0,0,0,0,0,0,0,0,0
-3,60,0,33,0,0,0,60,0
0,0,0,33,0,0,0,0,0
-3,0,33,33,0,0,0,33,0
0,23,33,33,0,0,0,33,0
0,0,0,0,0,0,0,0,0
0,0,0,0,0,0,0,0,0
0,0,0,0,0,0,0,0,0
0,0,0,0,0,0,0,0,0
0,0,0,0,0,0,0,0,0
0,0,-3,60,0,0,60,33,0
0,-3,0,60,0,0,33,60,0
-3,0,0,33,0,0,60,60,0
0,0,0,0,0,0,33,0,0
0,23,23,0,0,0,33,60,0
23,0,-3,0,0,0,33,60,0
0,0,0,0,0,0,0,33,0
23,-3,0,0,0,0,23,33,0
0,0,0,0,0,0,-3,-3,0
0,0,-3,0,33,0,60,60,0
0,-3,0,0,33,0,60,60,0
-3,0,0,0,60,0,60,33,0
0,0,0,23,33,0,60,33,0
0,45,45,45,33,0,60,60,0
45,0,45,45,60,0,60,60,0
0,0,0,23,33,0,60,60,0
45,45,0,23,82,0,60,82,0
0,0,0,-3,60,0,60,33,0
0,23,0,0,-3,0,33,60,0
23,0,0,0,-3,0,33,60,0
0,0,23,0,-3,0,33,60,0
45,45,60,0,82,0,82,82,0
0,0,-3,0,-3,0,33,60,0
23,0,0,0,-3,0,23,33,0
0,-3,0,0,-3,0,23,33,0
0,0,0,0,0,0,0,0,0
0,0,0,0,0,0,0,0,0
-3,0,23,0,0,0,33,33,0
0,0,0,0,0,0,0,0,0
-3,23,0,0,0,0,33,60,0
0,0,0,0,0,0,33,0,0
0,0,0,0,0,0,0,0,0
-3,0,0,-3,0,0,33,33,0
0,0,0,0,0,0,0,0,0
-3,23,82,82,0,0,82,82,0
0,0,23,-3,0,0,33,33,0
-3,0,0,-3,0,0,33,60,0
0,23,0,-3,0,0,33,60,0
0,0,0,0,0,0,0,0,0
-3,33,0,0,0,0,60,60,0
0,0,0,0,0,0,-3,-3,0
-3,0,33,0,0,0,60,60,0
0,-3,33,0,0,0,60,60,0
0,0,0,0,0,0,-3,-3,0
0,0,-3,0,0,60,60,33,0
0,-3,0,0,0,33,33,60,0
-3,0,0,0,0,33,60,33,0
0,0,0,23,0,60,60,33,0
0,45,45,45,0,82,82,82,0
45,0,45,45,0,82,60,60,0
0,0,0,23,0,33,33,60,0
45,45,0,23,0,33,60,60,0
0,0,0,-3,0,33,60,33,0
0,23,0,0,0,-3,33,60,0
23,0,0,0,0,23,33,60,0
0,0,23,0,0,-3,33,60,0
45,45,60,0,0,60,82,82,0
0,0,-3,0,0,23,33,60,0
23,0,0,0,0,-3,23,33,0
0,-3,0,0,0,-3,23,33,0
0,0,0,0,-3,60,60,33,0
0,45,45,0,-3,82,82,82,0
45,0,45,0,23,82,60,82,0
0,0,0,0,-3,33,33,60,0
45,45,0,0,23,33,60,60,0
0,0,0,0,23,33,60,33,0
0,45,0,45,-3,82,82,82,0
45,0,0,45,23,82,60,82,0
0,0,45,45,-3,82,82,82,0
45,62,82,100,100,100,100,100,0
0,0,45,45,23,82,60,82,0
45,0,0,23,45,33,60,60,0
0,45,0,23,45,33,60,82,0
0,0,0,0,-3,-3,33,60,0
45,82,0,0,82,82,82,82,0
0,0,0,0,-3,23,33,60,0
45,0,60,0,82,82,82,82,0
0,45,60,0,82,82,82,82,0
0,0,0,0,-3,-3,23,33,0
0,0,0,0,0,0,0,0,0
-3,0,0,0,0,23,33,33,0
0,0,0,0,0,0,0,0,0
-3,45,82,0,0,82,82,82,0
0,0,23,0,0,23,33,33,0
-3,0,0,0,0,-3,33,60,0
0,23,0,0,0,-3,33,60,0
0,0,0,0,0,0,0,0,0
-3,60,0,82,0,82,82,82,0
0,0,0,-3,0,23,33,33,0
-3,0,82,82,0,82,82,82,0
0,45,82,82,0,82,82,82,0
0,0,0,-3,0,-3,33,60,0
33,0,0,0,0,33,60,60,0
0,33,0,0,0,33,60,60,0
0,0,33,0,0,33,60,60,0
0,0,0,0,0,0,33,0,0
0,23,-3,0,0,0,60,60,0
23,0,-3,0,0,0,33,33,0
0,0,0,0,0,0,0,0,0
0,0,0,0,0,0,0,0,0
0,0,0,0,0,0,0,0,0
0,23,0,-3,0,0,60,60,0
23,0,0,23,0,0,33,60,0
0,0,-3,-3,0,0,60,60,0
45,45,33,60,0,0,82,82,0
0,0,-3,23,0,0,33,60,0
0,0,0,0,0,0,0,0,0
0,0,0,0,0,0,0,0,0
0,0,0,0,0,0,0,0,0
-3,60,0,0,0,0,60,33,0
0,0,0,0,0,0,33,0,0
-3,0,33,0,0,0,33,60,0
0,23,33,0,0,0,33,33,0
0,0,0,0,0,0,0,0,0
0,23,0,0,-3,0,60,60,0
23,0,0,0,23,0,33,60,0
0,0,-3,0,-3,0,60,60,0
45,45,33,0,82,0,82,60,0
0,0,-3,0,23,0,33,60,0
0,0,0,0,0,0,0,0,0
0,0,0,0,0,0,0,0,0
0,0,0,23,-3,0,60,60,0
45,82,0,82,82,0,82,82,0
0,0,0,23,23,0,33,60,0
45,0,33,82,82,0,82,82,0
0,45,33,82,82,0,82,82,0
0,0,0,0,0,0,0,0,0
33,0,0,0,33,0,33,33,0
0,60,0,0,33,0,60,33,0
0,0,33,0,33,0,33,60,0
0,0,0,0,0,0,0,0,0
-3,60,0,0,0,0,60,33,0
0,0,0,0,0,0,33,0,0
-3,0,33,0,0,0,60,33,0
0,23,33,0,0,0,60,33,0
0,0,0,0,0,0,0,0,0
33,0,0,33,0,0,60,60,0
0,60,0,33,0,0,60,33,0
0,0,33,33,0,0,60,33,0
0,0,0,0,0,0,0,0,0
0,0,0,33,0,0,0,0,0
0,23,-3,33,0,0,0,33,0
23,0,23,33,0,0,0,33,0
0,0,0,0,0,0,0,0,0
-3,23,0,60,0,0,0,33,0
0,0,0,33,0,0,0,0,0
0,0,0,0,0,0,0,0,0
-3,0,0,0,0,0,0,-3,0
0,0,0,0,0,0,0,0,0
-3,-3,60,0,0,0,0,33,0
0,0,-3,0,0,0,0,-3,0
0,0,0,0,0,0,0,33,0
0,-3,0,0,0,0,0,33,0
0,0,0,0,33,0,0,0,0
0,23,23,0,33,0,0,33,0
23,0,23,0,33,0,0,33,0
0,0,0,0,33,0,0,0,0
23,23,0,0,33,0,0,33,0
0,0,0,0,33,0,0,0,0
0,23,0,-3,33,0,0,33,0
23,0,0,-3,33,0,0,33,0
0,0,23,-3,33,0,0,33,0
23,23,60,82,82,0,0,33,0
0,0,23,-3,33,0,0,33,0
23,0,0,23,33,0,0,33,0
0,23,0,23,33,0,0,33,0
0,0,0,0,0,0,0,0,0
-3,33,0,0,60,0,0,33,0
0,0,0,0,-3,0,0,-3,0
-3,0,60,0,60,0,0,33,0
0,-3,60,0,60,0,0,33,0
0,0,0,0,-3,0,0,33,0
0,0,0,0,0,0,0,0,0
-3,0,0,0,0,0,0,-3,0
0,0,0,0,0,0,0,0,0
-3,-3,33,0,0,0,0,33,0
0,0,-3,0,0,0,0,-3,0
0,0,0,0,0,0,0,0,0
0,0,0,0,0,0,0,0,0
0,0,0,0,0,0,0,0,0
-3,33,0,60,0,0,0,33,0
0,0,0,-3,0,0,0,-3,0
-3,0,33,60,0,0,0,33,0
0,-3,33,60,0,0,0,33,0
0,0,0,0,0,0,0,0,0
33,0,0,0,0,0,0,0,0
0,33,0,0,0,0,0,0,0
0,0,33,0,0,0,0,0,0
0,0,0,0,0,33,0,0,0
0,23,-3,0,0,60,0,33,0
23,0,23,0,0,33,0,33,0
0,0,0,0,0,0,0,0,0
-3,23,0,0,0,33,0,33,0
0,0,0,0,0,33,0,0,0
0,23,0,-3,0,60,0,33,0
23,0,0,-3,0,33,0,33,0
0,0,-3,-3,0,60,0,33,0
23,23,82,82,0,60,0,33,0
0,0,23,-3,0,33,0,33,0
-3,0,0,23,0,33,0,33,0
0,23,0,23,0,33,0,33,0
0,0,0,0,0,0,0,0,0
-3,33,0,0,0,60,0,33,0
0,0,0,0,0,-3,0,-3,0
-3,0,60,0,0,33,0,33,0
0,-3,60,0,0,33,0,33,0
0,0,0,0,0,0,0,33,0
0,23,0,0,-3,60,0,33,0
23,0,0,0,-3,33,0,33,0
0,0,23,0,-3,60,0,33,0
45,23,60,0,82,82,0,33,0
0,0,23,0,-3,33,0,33,0
23,0,0,0,-3,33,0,33,0
0,23,0,0,-3,33,0,33,0
0,0,0,-3,-3,60,0,33,0
45,60,0,82,82,82,0,33,0
0,0,0,-3,-3,33,0,33,0
45,0,60,82,82,82,0,33,0
0,23,60,82,82,82,0,33,0
0,0,0,23,-3,33,0,33,0
33,0,0,0,60,33,0,33,0
0,33,0,0,60,60,0,33,0
0,0,60,0,60,33,0,33,0
0,0,0,0,0,0,0,0,0
-3,33,0,0,0,60,0,33,0
0,0,0,0,0,-3,0,-3,0
-3,0,33,0,0,60,0,33,0
0,-3,33,0,0,60,0,33,0
0,0,0,0,0,0,0,0,0
33,0,0,60,0,60,0,33,0
0,33,0,60,0,60,0,33,0
0,0,33,60,0,60,0,33,0
0,-3,0,0,0,0,0,33,0
-3,0,0,0,0,0,0,-3,0
0,0,0,0,0,0,0,33,0
23,-3,33,0,0,0,0,33,0
0,0,-3,0,0,0,0,-3,0
0,0,0,0,0,0,0,0,0
0,0,0,0,0,0,0,0,0
0,0,0,0,0,0,0,33,0
23,33,0,60,0,0,0,33,0
0,0,0,-3,0,0,0,-3,0
23,0,33,33,0,0,0,33,0
0,-3,33,60,0,0,0,33,0
0,0,0,0,0,0,0,0,0
0,0,0,0,0,0,0,0,0
0,33,0,0,0,0,0,0,0
0,0,0,0,0,0,0,0,0
0,0,0,0,-3,0,0,33,0
23,33,0,0,60,0,0,33,0
0,0,0,0,-3,0,0,-3,0
23,0,33,0,60,0,0,33,0
0,-3,33,0,60,0,0,33,0
0,0,0,0,0,0,0,0,0
60,0,0,33,60,0,0,33,0
0,33,0,60,60,0,0,33,0
0,0,33,33,60,0,0,33,0
33,0,0,0,0,0,0,0,0
0,33,0,0,0,0,0,0,0
0,0,33,0,0,0,0,0,0
0,0,0,0,0,0,0,0,0
0,0,0,0,0,0,0,0,0
0,0,0,33,0,0,0,0,0
0,0,0,33,0,0,0,0,0
0,0,33,0,0,0,0,0,0
0,0,33,0,0,0,0,0,0
0,0,0,0,0,0,0,0,0
-3,-3,0,0,0,0,0,0,0
0,0,0,0,0,0,0,0,0
0,0,0,0,33,0,0,0,0
0,0,0,0,33,0,0,0,0
0,0,0,0,0,0,0,0,0
0,0,0,0,33,0,0,0,0
0,23,23,23,33,0,0,0,0
-3,0,23,60,33,0,0,0,0
0,0,0,-3,33,0,0,0,0
23,23,0,33,60,0,0,0,0
0,0,0,33,0,0,0,0,0
0,0,0,0,33,0,0,0,0
0,0,0,0,33,0,0,0,0
0,0,-3,0,33,0,0,0,0
23,23,33,0,60,0,0,0,0
0,0,-3,0,33,0,0,0,0
-3,0,0,0,-3,0,0,0,0
0,-3,0,0,-3,0,0,0,0
0,0,0,0,0,0,0,0,0
0,0,0,0,0,0,0,0,0
0,0,0,0,0,0,0,0,0
0,0,0,0,0,0,0,0,0
33,0,0,0,0,0,0,0,0
0,0,0,0,0,0,0,0,0
0,0,0,0,0,0,0,0,0
0,0,0,0,0,0,0,0,0
0,0,0,0,0,0,0,0,0
-3,-3,60,60,0,0,0,0,0
0,0,0,0,0,0,0,0,0
-3,0,0,33,0,0,0,0,0
0,0,0,33,0,0,0,0,0
0,0,0,0,0,0,0,0,0
-3,33,0,0,0,0,0,0,0
0,0,0,0,0,0,0,0,0
-3,0,33,0,0,0,0,0,0
0,-3,33,0,0,0,0,0,0
0,0,0,0,0,0,0,0,0
0,0,0,0,0,0,0,0,0
0,0,0,0,0,33,0,0,0
0,0,0,0,0,0,0,0,0
0,-3,60,60,0,60,0,0,0
-3,0,60,60,0,33,0,0,0
0,0,0,-3,0,33,0,0,0
23,23,0,33,0,33,0,0,0
0,0,0,33,0,0,0,0,0
0,0,33,0,0,0,0,0,0
23,23,33,0,0,60,0,0,0
0,0,33,0,0,0,0,0,0
-3,0,0,0,0,-3,0,0,0
0,-3,0,0,0,-3,0,0,0
0,0,0,0,33,0,0,0,0
0,23,23,0,33,60,0,0,0
60,0,33,0,33,33,0,0,0
0,0,0,0,-3,33,0,0,0
60,33,0,0,60,33,0,0,0
0,23,0,23,33,60,0,0,0
23,0,0,60,33,33,0,0,0
0,0,23,23,33,60,0,0,0
45,45,82,82,82,82,0,0,0
0,0,23,60,33,33,0,0,0
23,0,0,33,60,33,0,0,0
0,23,0,33,60,33,0,0,0
0,0,0,0,33,0,0,0,0
23,60,0,0,60,33,0,0,0
0,0,0,0,33,0,0,0,0
23,0,33,0,60,60,0,0,0
0,23,33,0,60,60,0,0,0
0,0,0,0,-3,-3,0,0,0
0,0,0,0,0,0,0,0,0
0,0,0,0,0,0,0,0,0
0,0,0,0,0,0,0,0,0
33,33,60,0,0,60,0,0,0
0,0,0,0,0,0,0,0,0
33,0,0,0,0,0,0,0,0
0,0,0,0,0,0,0,0,0
-3,33,0,60,0,33,0,0,0
0,0,0,0,0,0,0,0,0
-3,0,60,60,0,33,0,0,0
0,-3,60,60,0,33,0,0,0
0,0,0,33,0,0,0,0,0
33,0,0,0,0,0,0,0,0
0,33,0,0,0,0,0,0,0
0,0,33,0,0,0,0,0,0
0,0,33,0,0,0,0,0,0
0,0,0,0,0,0,0,0,0
0,0,0,0,0,0,0,0,0
0,0,0,0,0,0,0,0,0
0,0,0,0,0,0,0,0,0
0,0,33,0,0,0,0,0,0
23,-3,33,60,0,0,0,0,0
0,0,0,0,0,0,0,0,0
0,0,0,0,0,0,0,0,0
0,0,0,0,0,0,0,0,0
0,0,33,0,0,0,0,0,0
0,0,33,0,0,0,0,0,0
0,0,0,0,0,0,0,0,0
0,0,0,0,33,0,0,0,0
0,0,0,0,0,0,0,0,0
0,0,-3,0,33,0,0,0,0
60,33,33,0,60,0,0,0,0
0,0,0,0,0,0,0,0,0
0,0,0,0,0,0,0,0,0
0,0,0,0,33,0,0,0,0
23,33,0,33,33,0,0,0,0
0,0,0,0,0,0,0,0,0
23,0,33,60,33,0,0,0,0
0,-3,33,33,33,0,0,0,0
0,0,0,0,0,0,0,0,0
0,0,0,0,0,0,0,0,0
0,0,0,0,0,0,0,0,0
0,0,33,0,0,0,0,0,0
0,0,0,0,0,0,0,0,0
33,0,0,0,0,0,0,0,0
0,0,0,0,0,0,0,0,0
33,0,0,0,0,0,0,0,0
0,0,0,0,0,0,0,0,0
33,0,0,0,0,0,0,0,0
0,0,0,0,0,0,0,0,0
0,0,0,0,0,0,0,0,0
0,0,0,0,0,0,0,0,0
0,0,0,0,0,0,0,0,0
0,-3,23,60,0,0,33,0,0
-3,0,23,60,0,0,33,0,0
0,0,0,33,0,0,0,0,0
23,23,0,33,0,0,33,0,0
0,0,0,33,0,0,0,0,0
0,0,0,0,0,0,33,0,0
0,0,0,0,0,0,33,0,0
0,0,-3,0,0,0,33,0,0
23,23,33,0,0,0,33,0,0
0,0,-3,0,0,0,33,0,0
-3,0,0,0,0,0,-3,0,0
0,-3,0,0,0,0,-3,0,0
0,0,0,0,33,0,0,0,0
0,23,23,0,33,0,33,0,0
23,0,-3,0,33,0,33,0,0
0,0,0,0,33,0,0,0,0
23,-3,0,0,60,0,33,0,0
0,0,0,0,0,0,0,0,0
0,23,0,23,33,0,33,0,0
23,0,0,23,33,0,33,0,0
0,0,23,23,33,0,33,0,0
23,23,82,82,82,0,33,0,0
0,0,23,23,33,0,33,0,0
23,0,0,-3,60,0,33,0,0
0,-3,0,-3,60,0,33,0,0
0,0,0,0,-3,0,33,0,0
23,60,0,0,60,0,33,0,0
0,0,0,0,-3,0,33,0,0
23,0,33,0,60,0,33,0,0
0,23,33,0,60,0,33,0,0
0,0,0,0,-3,0,-3,0,0
0,0,0,0,0,0,0,0,0
0,0,0,0,0,0,0,0,0
0,0,0,0,0,0,0,0,0
-3,-3,60,0,0,0,33,0,0
0,0,0,0,0,0,0,0,0
-3,0,0,0,0,0,33,0,0
0,0,0,0,0,0,33,0,0
0,0,0,0,0,0,0,0,0
-3,33,0,60,0,0,33,0,0
0,0,0,0,0,0,0,0,0
-3,0,60,60,0,0,33,0,0
0,-3,60,60,0,0,33,0,0
0,0,0,-3,0,0,33,0,0
33,0,0,0,0,0,0,0,0
0,33,0,0,0,0,0,0,0
0,0,33,0,0,0,0,0,0
0,0,0,0,0,0,0,0,0
0,-3,23,0,0,60,33,0,0
-3,0,-3,0,0,60,33,0,0
0,0,0,0,0,33,0,0,0
23,-3,0,0,0,33,33,0,0
0,0,0,0,0,0,0,0,0
0,-3,0,23,0,60,33,0,0
-3,0,0,23,0,60,33,0,0
0,0,23,23,0,60,33,0,0
45,45,60,82,0,82,33,0,0
0,0,23,23,0,60,33,0,0
23,0,0,-3,0,33,33,0,0
0,23,0,-3,0,33,33,0,0
0,0,0,0,0,0,33,0,0
23,60,0,0,0,33,33,0,0
0,0,0,0,0,0,33,0,0
23,0,33,0,0,60,33,0,0
0,23,33,0,0,60,33,0,0
0,0,0,0,0,-3,-3,0,0
0,23,0,0,-3,60,33,0,0
23,0,0,0,-3,60,33,0,0
0,0,23,0,-3,60,33,0,0
23,45,60,0,82,60,33,0,0
0,0,-3,0,-3,60,33,0,0
23,0,0,0,23,33,33,0,0
0,-3,0,0,23,33,33,0,0
0,0,0,23,-3,60,33,0,0
45,82,0,82,82,82,33,0,0
0,0,0,23,-3,60,33,0,0
23,0,60,82,82,82,33,0,0
0,23,60,82,82,60,33,0,0
0,0,0,-3,23,33,33,0,0
60,0,0,0,60,33,33,0,0
0,60,0,0,60,33,33,0,0
0,0,33,0,60,60,33,0,0
0,0,0,0,0,0,0,0,0
-3,33,0,0,0,33,33,0,0
0,0,0,0,0,0,0,0,0
-3,0,60,0,0,33,33,0,0
0,-3,60,0,0,33,33,0,0
0,0,0,0,0,0,33,0,0
33,0,0,60,0,60,33,0,0
0,33,0,60,0,33,33,0,0
0,0,60,60,0,33,33,0,0
0,0,0,0,0,0,33,0,0
0,0,0,0,0,0,33,0,0
0,0,-3,0,0,0,33,0,0
23,23,33,0,0,0,33,0,0
0,0,0,0,0,0,33,0,0
0,0,0,0,0,0,0,0,0
0,0,0,0,0,0,0,0,0
0,0,0,0,0,0,33,0,0
23,60,0,33,0,0,33,0,0
0,0,0,0,0,0,33,0,0
23,0,33,60,0,0,33,0,0
0,-3,33,60,0,0,33,0,0
0,0,0,0,0,0,0,0,0
0,0,0,0,0,0,0,0,0
0,0,0,0,0,0,0,0,0
0,0,33,0,0,0,0,0,0
0,0,0,0,-3,0,33,0,0
23,33,0,0,33,0,33,0,0
0,0,0,0,0,0,33,0,0
23,0,33,0,33,0,33,0,0
0,23,33,0,33,0,33,0,0
0,0,0,0,0,0,0,0,0
60,0,0,33,60,0,33,0,0
0,60,0,33,33,0,33,0,0
0,0,33,60,33,0,33,0,0
33,0,0,0,0,0,0,0,0
0,0,0,0,0,0,0,0,0
0,0,0,0,0,0,0,0,0
0,0,0,0,0,0,0,0,0
0,0,0,0,0,0,0,0,0
0,0,0,0,0,0,0,0,0
0,0,0,0,0,0,0,0,0
0,0,0,0,0,0,0,0,0
0,0,0,0,0,0,0,0,0
0,0,0,0,0,0,0,0,0
0,0,0,0,0,0,0,0,0
0,0,0,0,0,0,0,0,0
0,0,0,0,0,0,0,0,0
0,0,0,0,0,0,0,0,0
0,0,0,0,0,0,0,0,0
0,0,0,0,0,0,0,0,0
0,0,0,0,0,0,0,0,0
0,0,0,0,0,0,0,0,0
0,0,0,0,0,0,0,0,0
0,0,0,0,0,0,0,0,0
0,0,0,0,0,0,0,0,0
0,0,0,0,0,0,0,0,0
0,0,0,0,0,0,0,0,0
0,0,0,0,0,0,0,0,0
0,0,0,0,0,0,0,0,0
0,0,0,0,0,0,0,0,0
0,0,0,0,0,0,0,0,0
0,0,0,0,0,0,0,0,0
0,0,0,0,0,0,0,0,0
0,0,0,0,0,0,0,0,0
0,0,0,0,0,0,0,0,0
0,0,0,0,0,0,0,0,0
0,0,0,0,0,0,0,0,0
0,0,0,0,0,0,0,0,0
0,0,0,0,0,0,0,0,0
0,0,0,0,0,0,0,0,0
0,0,0,0,0,0,0,0,0
0,0,0,0,0,0,0,0,0
0,0,0,0,0,0,0,0,0
0,0,0,0,0,0,0,0,0
0,0,0,0,0,0,0,0,0
0,0,0,0,0,0,0,0,0
0,0,0,0,0,0,0,0,0
0,0,0,0,0,0,0,0,0
0,0,0,0,0,0,0,0,0
0,0,0,0,0,0,0,0,0
0,0,0,0,0,0,0,0,0
0,0,0,0,0,0,0,0,0
0,0,0,0,0,0,0,0,0
0,0,0,0,0,0,0,0,0
0,0,0,0,0,0,0,0,0
0,0,0,0,0,0,0,0,0
0,0,0,0,0,0,0,0,0
0,0,0,0,0,0,0,0,0
0,0,0,0,0,0,0,0,0
0,0,0,0,0,0,0,0,0
0,0,0,0,0,0,0,0,0
0,0,0,0,0,0,0,0,0
0,0,0,0,0,0,0,0,0
0,0,0,0,0,0,0,0,0
0,0,0,0,0,0,0,0,0
0,0,0,0,0,0,0,0,0
0,0,0,0,0,0,0,0,0
0,0,0,0,0,0,0,0,0
0,0,0,0,0,0,0,0,0
0,0,0,0,0,0,0,0,0
0,0,0,0,0,0,0,0,0
0,0,0,0,0,0,0,0,0
0,0,0,0,0,0,0,0,0
0,0,0,0,0,0,0,0,0
0,0,0,0,0,0,0,0,0
0,0,0,0,0,0,0,0,0
0,0,0,0,0,0,0,0,0
0,0,0,0,0,0,0,0,0
0,0,0,0,0,0,0,0,0
0,0,0,0,0,0,0,0,0
0,0,0,0,0,0,0,0,0
0,0,0,0,0,0,0,0,0
0,0,0,0,0,0,0,0,0
0,0,0,0,0,0,0,0,0
0,0,0,0,0,0,0,0,0
0,0,0,0,0,0,0,0,0
0,0,0,0,0,0,0,0,0
0,0,0,0,0,0,0,0,0
0,0,0,0,0,0,0,0,0
0,0,0,0,0,0,0,0,0
0,0,0,0,0,0,0,0,0
0,0,0,0,0,0,0,0,0
0,0,0,0,0,0,0,0,0
0,0,0,0,0,0,0,0,0
0,0,0,0,0,0,0,0,0
0,0,0,0,0,0,0,0,0
